[gd_scene load_steps=56 format=2]

[ext_resource path="res://Source/AlleyCat/Attribute/AggregateAttributeFactory.cs" type="Script" id=1]
[ext_resource path="res://Source/AlleyCat/Character/HumanoidFactory.cs" type="Script" id=2]
[ext_resource path="res://Data/Meshes/Hairs/Human/Female/Short Hair/Scalp.mesh" type="ArrayMesh" id=3]
[ext_resource path="res://Data/Meshes/Hairs/Human/Female/Short Hair/Hair.mesh" type="ArrayMesh" id=4]
[ext_resource path="res://Source/AlleyCat/Attribute/DelegateAttributeFactory.cs" type="Script" id=5]
[ext_resource path="res://Data/Meshes/Clothes/Human/Female/Rag/Rag - Worn.tscn" type="PackedScene" id=6]
[ext_resource path="res://Source/AlleyCat/Common/Marker.cs" type="Script" id=7]
[ext_resource path="res://Source/AlleyCat/Autowire/Binding.cs" type="Script" id=8]
[ext_resource path="res://Source/AlleyCat/Animation/AnimationStateManagerFactory.cs" type="Script" id=9]
[ext_resource path="res://Data/Meshes/Characters/Human/Female/Animations - Expressions/Blink.tres.anim" type="Animation" id=10]
[ext_resource path="res://Data/Meshes/Characters/Human/Female/Animations/Idle/Breath.anim" type="Animation" id=11]
[ext_resource path="res://Data/Meshes/Characters/Human/Female/Animations/Interactions/HoldInRightHand.anim" type="Animation" id=12]
[ext_resource path="res://Data/Meshes/Characters/Human/Female/Animations/Idle/Idle.anim" type="Animation" id=13]
[ext_resource path="res://Data/Meshes/Characters/Human/Female/Animations/Sit/Kneel.anim" type="Animation" id=14]
[ext_resource path="res://Data/Meshes/Characters/Human/Female/Animations/Sit/KneelEnd.anim" type="Animation" id=15]
[ext_resource path="res://Data/Meshes/Characters/Human/Female/Animations/Sit/KneelStart.anim" type="Animation" id=16]
[ext_resource path="res://Data/Meshes/Characters/Human/Female/Animations/Interactions/PickUp.anim" type="Animation" id=17]
[ext_resource path="res://Data/Meshes/Characters/Human/Female/Animations/Idle/Reset.anim" type="Animation" id=18]
[ext_resource path="res://Data/Meshes/Characters/Human/Female/Animations/Locomotion/RunForward.anim" type="Animation" id=19]
[ext_resource path="res://Data/Meshes/Characters/Human/Female/Animations/Sit/SitOnGround.anim" type="Animation" id=20]
[ext_resource path="res://Data/Meshes/Characters/Human/Female/Animations/Sit/SitOnGroundEnd.anim" type="Animation" id=21]
[ext_resource path="res://Data/Meshes/Characters/Human/Female/Animations/Sit/SitOnGroundStart.anim" type="Animation" id=22]
[ext_resource path="res://Data/Meshes/Characters/Human/Female/Animations/Locomotion/WalkBackward.anim" type="Animation" id=23]
[ext_resource path="res://Data/Meshes/Characters/Human/Female/Animations/Locomotion/WalkForward.anim" type="Animation" id=24]
[ext_resource path="res://Data/Meshes/Characters/Human/Female/Animations/Animation Tree.tres" type="AnimationNodeBlendTree" id=25]
[ext_resource path="res://Source/AlleyCat/Sensor/PairedEyeSightFactory.cs" type="Script" id=26]
[ext_resource path="res://Source/AlleyCat/Motion/AnimationDrivenLocomotionFactory.cs" type="Script" id=27]
[ext_resource path="res://Source/AlleyCat/Item/PickupActionFactory.cs" type="Script" id=28]
[ext_resource path="res://Source/AlleyCat/Item/DropActionFactory.cs" type="Script" id=29]
[ext_resource path="res://Source/AlleyCat/Action/SitActionFactory.cs" type="Script" id=30]
[ext_resource path="res://Source/AlleyCat/Action/ActionGroupFactory.cs" type="Script" id=31]
[ext_resource path="res://Data/Meshes/Characters/Human/Female/Animations/Interactions/SwingPickaxe.anim" type="Animation" id=32]
[ext_resource path="res://Source/AlleyCat/Motion/SpeedAttributeFactory.cs" type="Script" id=33]
[ext_resource path="res://Source/AlleyCat/Attribute/AccumulateAttributeFactory.cs" type="Script" id=34]
[ext_resource path="res://Source/AlleyCat/Item/EncumbranceAttributeFactory.cs" type="Script" id=35]
[ext_resource path="res://Source/AlleyCat/Action/ActionSetFactory.cs" type="Script" id=36]
[ext_resource path="res://Source/AlleyCat/Attribute/ConstantAttributeFactory.cs" type="Script" id=37]
[ext_resource path="res://Source/AlleyCat/Action/GetUpActionFactory.cs" type="Script" id=38]
[ext_resource path="res://Data/Meshes/Characters/Human/Female/Animations/Interactions/HoldTwoHands.anim" type="Animation" id=39]
[ext_resource path="res://Source/AlleyCat/Item/MeleeFatigueAttributeFactory.cs" type="Script" id=40]
[ext_resource path="res://Source/AlleyCat/Attribute/SampleAttributeFactory.cs" type="Script" id=41]
[ext_resource path="res://Data/Meshes/Characters/Human/Female/Character.escn" type="PackedScene" id=42]
[ext_resource path="res://Data/Textures/Icons/running.svg" type="Texture" id=43]
[ext_resource path="res://Source/AlleyCat/Attribute/DebounceAttributeFactory.cs" type="Script" id=44]
[ext_resource path="res://Data/Meshes/Clothes/Human/Common/Collar/Collar - Worn.tscn" type="PackedScene" id=45]
[ext_resource path="res://Data/Meshes/Items/Pickaxe/Pickaxe.tscn" type="PackedScene" id=46]
[ext_resource path="res://Data/Actors/Human/Human.tres" type="Resource" id=47]

[sub_resource type="Skin" id=1]
bind_count = 85
bind/0/bone = 0
bind/0/pose = Transform( -1, 8.63911e-07, 1.66964e-06, -8.68588e-07, -0.999996, -0.00280337, 1.66721e-06, -0.00280337, 0.999996, 0, 0, 0 )
bind/1/bone = 1
bind/1/pose = Transform( -0.999199, -0.00255419, 0.0398373, -0.0398197, -0.00644929, -0.999186, 0.00280455, -0.999974, 0.00634223, -0.186452, -0.00687906, -0.00076137 )
bind/2/bone = 2
bind/2/pose = Transform( -0.999524, 0.0258441, -0.0165747, 0.02332, 0.990171, 0.137887, 0.0199761, 0.137435, -0.99031, -0.186445, 0.00554235, -0.146355 )
bind/3/bone = 3
bind/3/pose = Transform( 0.996537, 0.0649771, -0.0518011, -0.0820822, 0.866734, -0.491966, 0.0129332, 0.494515, 0.869073, 0.173957, -0.105122, -0.0233521 )
bind/4/bone = 4
bind/4/pose = Transform( 0.972234, -0.233834, -0.00843335, 0.232517, 0.969527, -0.0771429, 0.0262151, 0.0730406, 0.996984, 0.181759, 0.0123502, 0.151734 )
bind/5/bone = 5
bind/5/pose = Transform( -0.999279, 0.00255416, -0.0398432, 0.0398347, -0.00644831, -0.999186, -0.00290749, -1.00001, 0.00634542, 0.186467, -0.00688287, -0.000742213 )
bind/6/bone = 6
bind/6/pose = Transform( -0.988482, -0.151197, -0.014912, 0.149562, -0.985833, 0.0761559, -0.0262157, 0.0730385, 0.996985, 0.18217, 0.00304768, 0.151735 )
bind/7/bone = 7
bind/7/pose = Transform( -0.999612, -0.0256746, 0.0166034, -0.0230482, 0.990208, 0.137886, -0.019962, 0.137446, -0.990309, 0.186462, 0.00549182, -0.146359 )
bind/8/bone = 8
bind/8/pose = Transform( 0.996599, -0.0651057, 0.0518718, 0.0823261, 0.86675, -0.491969, -0.0128874, 0.494538, 0.869068, -0.173955, -0.105167, -0.0233622 )
bind/9/bone = 9
bind/9/pose = Transform( -1, -1.21302e-08, 2.50467e-06, -2.50452e-06, 0.0168774, -0.999858, -3.01439e-08, -0.999858, -0.0168774, 2.14208e-08, -0.0298778, 0.714559 )
bind/10/bone = 10
bind/10/pose = Transform( 0.992771, -0.0821675, -0.0874237, -0.0773324, 0.118989, -0.989873, 0.0917381, 0.989489, 0.111777, 0.189266, -0.112416, -0.777291 )
bind/11/bone = 11
bind/11/pose = Transform( 0.983641, -0.0777438, -0.162461, -0.168113, -0.072514, -0.983092, 0.0646464, 0.994332, -0.0843943, 0.182157, -0.0459587, -0.412707 )
bind/12/bone = 12
bind/12/pose = Transform( 0.985272, -0.0600962, -0.160042, -0.165286, -0.0955694, -0.981599, 0.0436928, 0.993606, -0.104092, 0.173393, -0.0364673, -0.421243 )
bind/13/bone = 13
bind/13/pose = Transform( 0.996536, 0.0649759, -0.0518024, -0.0820928, 0.866734, -0.491963, 0.0129432, 0.49452, 0.869064, 0.173943, -0.105119, -0.0233371 )
bind/14/bone = 14
bind/14/pose = Transform( 0.991821, -0.118535, -0.047227, 0.11449, 0.990143, -0.0806592, 0.0563346, 0.0745963, 0.995614, 0.177375, -0.0104709, 0.156527 )
bind/15/bone = 15
bind/15/pose = Transform( 0.996327, -0.0402283, -0.0755235, -0.0628574, 0.254983, -0.964893, 0.0580751, 0.966107, 0.251521, 0.156335, -0.218937, -0.761752 )
bind/16/bone = 16
bind/16/pose = Transform( 0.992725, 0.0820867, 0.0880383, 0.0779781, 0.118689, -0.98986, -0.0917035, 0.989533, 0.111426, -0.18919, -0.112258, -0.777333 )
bind/17/bone = 17
bind/17/pose = Transform( 0.983537, 0.077812, 0.163074, 0.168699, -0.0720761, -0.983025, -0.0647357, 0.99436, -0.0840149, -0.182144, -0.0460958, -0.412688 )
bind/18/bone = 18
bind/18/pose = Transform( 0.985172, 0.0601815, 0.160643, 0.165871, -0.0951413, -0.981543, -0.0437851, 0.993644, -0.103712, -0.173387, -0.0366019, -0.421226 )
bind/19/bone = 19
bind/19/pose = Transform( 0.996526, -0.0651008, 0.0518844, 0.0822403, 0.866727, -0.491953, -0.0129499, 0.494516, 0.869068, -0.173939, -0.105153, -0.0233499 )
bind/20/bone = 20
bind/20/pose = Transform( -0.995695, -0.0771299, -0.051344, 0.0730098, -0.994296, 0.0777528, -0.0570569, 0.0736706, 0.995645, 0.176673, 0.0177432, 0.156682 )
bind/21/bone = 21
bind/21/pose = Transform( 0.996291, 0.0400211, 0.0761279, 0.0635062, 0.254732, -0.96492, -0.0580104, 0.966183, 0.251247, -0.15616, -0.218818, -0.761822 )
bind/22/bone = 22
bind/22/pose = Transform( -1, -3.54658e-08, 2.19474e-06, -2.17315e-06, 0.15679, -0.987631, -3.09086e-07, -0.987631, -0.15679, 3.70989e-08, -0.151838, 0.859843 )
bind/23/bone = 23
bind/23/pose = Transform( -1, -6.07209e-08, 2.21276e-06, -2.19446e-06, 0.158348, -0.987383, -2.90431e-07, -0.987383, -0.158348, 6.22634e-08, -0.153397, 0.988167 )
bind/24/bone = 24
bind/24/pose = Transform( -1, -6.21599e-08, 2.21589e-06, -2.19802e-06, 0.157512, -0.987516, -2.87644e-07, -0.987516, -0.157512, 6.37961e-08, -0.15246, 1.10651 )
bind/25/bone = 25
bind/25/pose = Transform( 0.242305, -0.954356, -0.174615, 0.0865943, 0.200534, -0.975851, 0.966328, 0.221333, 0.131232, 1.25848, -0.23245, -0.258634 )
bind/26/bone = 26
bind/26/pose = Transform( 0.482457, -0.875759, -0.0167295, -0.0085113, 0.0144111, -0.999859, 0.875878, 0.482531, -0.000501404, 1.19202, -0.00837177, -0.486325 )
bind/27/bone = 27
bind/27/pose = Transform( 0.468832, -0.881608, 0.0544095, 0.208375, 0.0505311, -0.976742, 0.858356, 0.469266, 0.207395, 1.19284, 0.0310943, -0.22174 )
bind/28/bone = 28
bind/28/pose = Transform( 0.471505, -0.879742, 0.0611034, 0.223774, 0.0523362, -0.973234, 0.852999, 0.472559, 0.22154, 1.19162, 0.0347515, -0.227712 )
bind/29/bone = 29
bind/29/pose = Transform( -0.102984, -0.0409233, 0.99384, 0.562841, -0.826206, 0.0243021, 0.820124, 0.561877, 0.108119, 0.0174392, 1.18519, -0.138283 )
bind/30/bone = 30
bind/30/pose = Transform( 0.928202, -0.33123, 0.169492, 0.346199, 0.601919, -0.71961, 0.136335, 0.726621, 0.673373, 0.874456, -0.47287, -0.651566 )
bind/31/bone = 31
bind/31/pose = Transform( 0.89856, -0.430174, -0.0868299, 0.320349, 0.778188, -0.540184, 0.299944, 0.457571, 0.837054, 0.938942, -0.653348, -0.2329 )
bind/32/bone = 32
bind/32/pose = Transform( 0.914515, -0.404201, 0.0168197, 0.240101, 0.508832, -0.826706, 0.325597, 0.760072, 0.562383, 0.93266, -0.458277, -0.518836 )
bind/33/bone = 33
bind/33/pose = Transform( 0.242187, -0.0713333, -0.967603, -0.446878, 0.877008, -0.176506, 0.861189, 0.475149, 0.180522, 0.161523, -1.18001, 0.000958597 )
bind/34/bone = 34
bind/34/pose = Transform( 0.0314705, 0.0185357, -0.999332, -0.663649, 0.74801, -0.00702489, 0.747382, 0.663427, 0.0358413, -0.0613015, -1.1707, -0.217034 )
bind/35/bone = 35
bind/35/pose = Transform( -0.000592092, -0.0414605, -0.999139, -0.629812, 0.776094, -0.0318315, 0.776748, 0.629252, -0.0265721, -0.0218225, -1.17873, -0.134689 )
bind/36/bone = 36
bind/36/pose = Transform( -0.0211307, -0.04759, -0.998643, -0.79811, 0.602395, -0.0118192, 0.602142, 0.796777, -0.0507112, -0.0292025, -1.1166, -0.393642 )
bind/37/bone = 37
bind/37/pose = Transform( 0.164134, -0.0764368, -0.983471, -0.353563, 0.926192, -0.130992, 0.920897, 0.36922, 0.124994, 0.135497, -1.17252, 0.14274 )
bind/38/bone = 38
bind/38/pose = Transform( -0.00219821, 0.0216984, -0.999761, -0.717666, 0.696187, 0.0166875, 0.696383, 0.717531, 0.0140411, -0.0681536, -1.15432, -0.306085 )
bind/39/bone = 39
bind/39/pose = Transform( 0.0335747, -0.017198, -0.999287, -0.654934, 0.754874, -0.0349965, 0.754938, 0.655643, 0.0140803, -0.00637815, -1.17477, -0.167064 )
bind/40/bone = 40
bind/40/pose = Transform( 0.0439505, -0.0126182, -0.998952, -0.78996, 0.611685, -0.042482, 0.611579, 0.791, 0.0169152, -0.00398829, -1.12408, -0.370011 )
bind/41/bone = 41
bind/41/pose = Transform( 0.0252439, -0.073512, -0.996974, -0.38615, 0.919169, -0.0775527, 0.922091, 0.386939, -0.00518461, 0.0630923, -1.18237, 0.120964 )
bind/42/bone = 42
bind/42/pose = Transform( 0.0380933, -0.0202731, -0.999068, -0.716023, 0.696846, -0.0414411, 0.697037, 0.716933, 0.0120279, 0.0162561, -1.15529, -0.308471 )
bind/43/bone = 43
bind/43/pose = Transform( 0.0193562, -0.00597444, -0.999794, -0.642625, 0.765991, -0.0170183, 0.765937, 0.642822, 0.010986, -0.0100363, -1.17661, -0.150843 )
bind/44/bone = 44
bind/44/pose = Transform( 0.0468073, 0.0387291, -0.998152, -0.739093, 0.67355, -0.00852416, 0.671977, 0.738125, 0.0601503, -0.0359311, -1.14882, -0.282848 )
bind/45/bone = 45
bind/45/pose = Transform( 0.0331997, -0.058611, -0.997728, -0.400448, 0.913865, -0.0670095, 0.915717, 0.401763, 0.00686928, 0.0693453, -1.17985, 0.101167 )
bind/46/bone = 46
bind/46/pose = Transform( 0.0530528, -0.00712227, -0.998565, -0.667812, 0.743211, -0.0407811, 0.742436, 0.669017, 0.034673, 0.0286337, -1.16694, -0.23458 )
bind/47/bone = 47
bind/47/pose = Transform( 0.0981958, 0.0364738, -0.994498, -0.639515, 0.767982, -0.0349787, 0.762481, 0.63943, 0.0987381, 0.0134094, -1.17388, -0.159564 )
bind/48/bone = 48
bind/48/pose = Transform( 0.0870794, 0.0538111, -0.994746, -0.78244, 0.62175, -0.0348603, 0.616608, 0.781363, 0.0962455, -0.0109503, -1.1205, -0.378395 )
bind/49/bone = 49
bind/49/pose = Transform( 0.517218, -0.85583, -0.00625368, 0.0555634, 0.0408691, -0.997617, 0.854048, 0.515638, 0.0686908, 1.17161, -0.0326688, -0.532699 )
bind/50/bone = 50
bind/50/pose = Transform( 0.242306, 0.954358, 0.174605, -0.0866003, 0.200525, -0.975853, -0.966327, 0.221333, 0.131236, -1.25848, -0.232439, -0.258634 )
bind/51/bone = 51
bind/51/pose = Transform( 0.482516, 0.875858, 0.00704221, 0.00379686, 0.00594878, -0.999974, -0.875879, 0.48253, -0.000456164, -1.19205, 0.00315318, -0.486323 )
bind/52/bone = 52
bind/52/pose = Transform( 0.467463, 0.881919, -0.0607971, -0.211395, 0.0447419, -0.976376, -0.858366, 0.469271, 0.207347, -1.19261, 0.0388934, -0.221737 )
bind/53/bone = 53
bind/53/pose = Transform( 0.471355, 0.879774, -0.0618037, -0.224068, 0.0516817, -0.973202, -0.853006, 0.472572, 0.221489, -1.19159, 0.0356049, -0.227721 )
bind/54/bone = 54
bind/54/pose = Transform( -0.103279, 0.0402786, -0.993836, -0.562712, -0.826274, 0.0249891, -0.820176, 0.561824, 0.108001, -0.016597, 1.18521, -0.138199 )
bind/55/bone = 55
bind/55/pose = Transform( 0.033481, 0.0592466, 0.997681, 0.40029, 0.913882, -0.0677038, -0.915777, 0.401629, 0.00688031, -0.0701713, -1.1798, 0.101345 )
bind/56/bone = 56
bind/56/pose = Transform( -0.00505869, -0.0570559, 0.998358, 0.669793, 0.741137, 0.0457501, -0.742532, 0.668923, 0.0344648, 0.0723627, -1.1651, -0.234431 )
bind/57/bone = 57
bind/57/pose = Transform( 0.0783558, -0.0599416, 0.995121, 0.642166, 0.766552, -0.00439, -0.762552, 0.639377, 0.0985547, 0.0226355, -1.17378, -0.159471 )
bind/58/bone = 58
bind/58/pose = Transform( 0.0255972, -0.101896, 0.994465, 0.786783, 0.615741, 0.04284, -0.616701, 0.78133, 0.0959296, 0.0981809, -1.1163, -0.378315 )
bind/59/bone = 59
bind/59/pose = Transform( 0.242457, 0.0719829, 0.967488, 0.446692, 0.876965, -0.177191, -0.861209, 0.47513, 0.180471, -0.162361, -1.17988, 0.000991493 )
bind/60/bone = 60
bind/60/pose = Transform( 0.164408, 0.0770842, 0.983375, 0.353384, 0.926162, -0.131681, -0.920917, 0.369159, 0.125027, -0.136333, -1.17241, 0.14282 )
bind/61/bone = 61
bind/61/pose = Transform( 0.0255226, 0.0741466, 0.99692, 0.385995, 0.919175, -0.0782467, -0.922148, 0.386803, -0.00516163, -0.0639161, -1.18231, 0.121143 )
bind/62/bone = 62
bind/62/pose = Transform( 0.0329206, -0.0165934, 0.99932, 0.663477, 0.748137, -0.00943383, -0.747473, 0.663335, 0.0356372, 0.0584266, -1.17086, -0.216889 )
bind/63/bone = 63
bind/63/pose = Transform( 0.0509496, 0.105134, 0.993151, 0.627617, 0.77017, -0.113726, -0.776854, 0.629113, -0.0267455, -0.0750224, -1.17656, -0.134485 )
bind/64/bone = 64
bind/64/pose = Transform( -0.0208482, 0.0482176, 0.998618, 0.79801, 0.602515, -0.0124312, -0.602284, 0.796647, -0.0510406, 0.0283852, -1.11669, -0.393434 )
bind/65/bone = 65
bind/65/pose = Transform( -0.00190397, -0.0210664, 0.999776, 0.717565, 0.696305, 0.0160398, -0.696487, 0.717435, 0.0137901, 0.0673258, -1.15441, -0.30593 )
bind/66/bone = 66
bind/66/pose = Transform( -0.0461864, -0.0742986, 0.996165, 0.654055, 0.751499, 0.0863763, -0.755035, 0.655536, 0.0138856, 0.148671, -1.16538, -0.166899 )
bind/67/bone = 67
bind/67/pose = Transform( 0.0717292, 0.0345613, 0.996824, 0.787833, 0.610945, -0.077871, -0.611698, 0.790917, 0.0165936, -0.0360085, -1.12357, -0.369865 )
bind/68/bone = 68
bind/68/pose = Transform( -0.00294588, -0.0192921, 0.999809, 0.716923, 0.696978, 0.0155613, -0.697146, 0.716832, 0.0117765, 0.0495305, -1.1544, -0.308308 )
bind/69/bone = 69
bind/69/pose = Transform( 0.00394296, -0.0121074, 0.999919, 0.642793, 0.766009, 0.00674055, -0.766029, 0.642714, 0.0108017, 0.0379503, -1.17608, -0.150681 )
bind/70/bone = 70
bind/70/pose = Transform( 0.0354456, -0.048707, 0.998184, 0.739637, 0.672972, 0.00657379, -0.672071, 0.738061, 0.0598783, 0.0532055, -1.1482, -0.282734 )
bind/71/bone = 71
bind/71/pose = Transform( 0.925043, 0.346423, -0.155835, -0.346794, 0.602768, -0.718614, -0.155011, 0.718791, 0.677723, -0.887924, -0.473369, -0.632696 )
bind/72/bone = 72
bind/72/pose = Transform( 0.890941, 0.44276, 0.100935, -0.328667, 0.782061, -0.529488, -0.313373, 0.438568, 0.842291, -0.94716, -0.651862, -0.205312 )
bind/73/bone = 73
bind/73/pose = Transform( 0.908074, 0.418799, -0.00300646, -0.248459, 0.532916, -0.808869, -0.337151, 0.735258, 0.587981, -0.943639, -0.4763, -0.484719 )
bind/74/bone = 74
bind/74/pose = Transform( 0.517216, 0.855833, 0.00587293, -0.0557863, 0.0405602, -0.997618, -0.854034, 0.515656, 0.0687212, -1.17161, -0.0322412, -0.532725 )
bind/75/bone = 75
bind/75/pose = Transform( 0.989295, 0.0403343, -0.140243, -0.0710855, 0.972508, -0.221749, 0.127444, 0.229345, 0.964965, 0.0349826, -1.14944, -0.25015 )
bind/76/bone = 76
bind/76/pose = Transform( 0.989295, -0.0403341, 0.140239, 0.0710843, 0.972508, -0.22175, -0.12744, 0.229345, 0.964965, -0.0349829, -1.14944, -0.250151 )
bind/77/bone = 77
bind/77/pose = Transform( -1, 3.69668e-06, 1.92176e-06, -3.75599e-06, -0.999492, -0.0318362, 1.8031e-06, -0.0318362, 0.999492, -4.98064e-06, 1.34059, 0.0144047 )
bind/78/bone = 78
bind/78/pose = Transform( -1, 1.44663e-08, 2.1872e-06, -2.07566e-06, -0.321602, -0.946874, 6.89703e-07, -0.946874, 0.321602, -5.26341e-08, 0.457844, 1.26006 )
bind/79/bone = 79
bind/79/pose = Transform( 1, 7.90145e-06, -2.26811e-06, -8.03801e-06, 0.99766, -0.0683574, 1.72268e-06, 0.0683574, 0.99766, -1.13375e-05, -1.43582, -0.0932044 )
bind/80/bone = 80
bind/80/pose = Transform( -1, -1.44235e-07, 1.23085e-06, -1.21894e-06, -0.0646859, -0.997905, 2.23534e-07, -0.997904, 0.0646861, 1.70774e-07, 0.0879206, 1.43616 )
bind/81/bone = 81
bind/81/pose = Transform( 1, 2.31129e-07, 1.90134e-06, -5.34702e-08, 0.995674, -0.0929043, -1.91458e-06, 0.092904, 0.995674, -0.0336502, -1.49276, -0.0240912 )
bind/82/bone = 82
bind/82/pose = Transform( 1, -1.3585e-07, -1.83277e-06, -3.49915e-08, 0.995674, -0.0929043, 1.83747e-06, 0.0929042, 0.995675, 0.0336502, -1.49276, -0.0240915 )
bind/83/bone = 83
bind/83/pose = Transform( 1, 1.86966e-09, 5.2654e-09, 4.96659e-09, 0.0823414, -0.996624, -2.30046e-09, 0.996605, 0.0823385, 3.45306e-08, -0.169712, -0.747061 )
bind/84/bone = 84
bind/84/pose = Transform( 1, 6.34883e-09, 1.71015e-08, 1.73129e-08, -0.0612961, -0.998155, -5.28336e-09, 0.99812, -0.0612912, 8.83826e-09, 0.113037, -0.742264 )

[sub_resource type="Skin" id=2]
bind_count = 85
bind/0/bone = 0
bind/0/pose = Transform( -1, 8.63911e-07, 1.66964e-06, -8.68588e-07, -0.999996, -0.00280337, 1.66721e-06, -0.00280337, 0.999996, 0, 0, 0 )
bind/1/bone = 1
bind/1/pose = Transform( -0.999199, -0.00255419, 0.0398373, -0.0398197, -0.00644929, -0.999186, 0.00280455, -0.999974, 0.00634223, -0.186452, -0.00687906, -0.00076137 )
bind/2/bone = 2
bind/2/pose = Transform( -0.999524, 0.0258441, -0.0165747, 0.02332, 0.990171, 0.137887, 0.0199761, 0.137435, -0.99031, -0.186445, 0.00554235, -0.146355 )
bind/3/bone = 3
bind/3/pose = Transform( 0.996537, 0.0649771, -0.0518011, -0.0820822, 0.866734, -0.491966, 0.0129332, 0.494515, 0.869073, 0.173957, -0.105122, -0.0233521 )
bind/4/bone = 4
bind/4/pose = Transform( 0.972234, -0.233834, -0.00843335, 0.232517, 0.969527, -0.0771429, 0.0262151, 0.0730406, 0.996984, 0.181759, 0.0123502, 0.151734 )
bind/5/bone = 5
bind/5/pose = Transform( -0.999279, 0.00255416, -0.0398432, 0.0398347, -0.00644831, -0.999186, -0.00290749, -1.00001, 0.00634542, 0.186467, -0.00688287, -0.000742213 )
bind/6/bone = 6
bind/6/pose = Transform( -0.988482, -0.151197, -0.014912, 0.149562, -0.985833, 0.0761559, -0.0262157, 0.0730385, 0.996985, 0.18217, 0.00304768, 0.151735 )
bind/7/bone = 7
bind/7/pose = Transform( -0.999612, -0.0256746, 0.0166034, -0.0230482, 0.990208, 0.137886, -0.019962, 0.137446, -0.990309, 0.186462, 0.00549182, -0.146359 )
bind/8/bone = 8
bind/8/pose = Transform( 0.996599, -0.0651057, 0.0518718, 0.0823261, 0.86675, -0.491969, -0.0128874, 0.494538, 0.869068, -0.173955, -0.105167, -0.0233622 )
bind/9/bone = 9
bind/9/pose = Transform( -1, -1.21302e-08, 2.50467e-06, -2.50452e-06, 0.0168774, -0.999858, -3.01439e-08, -0.999858, -0.0168774, 2.14208e-08, -0.0298778, 0.714559 )
bind/10/bone = 10
bind/10/pose = Transform( 0.992771, -0.0821675, -0.0874237, -0.0773324, 0.118989, -0.989873, 0.0917381, 0.989489, 0.111777, 0.189266, -0.112416, -0.777291 )
bind/11/bone = 11
bind/11/pose = Transform( 0.983641, -0.0777438, -0.162461, -0.168113, -0.072514, -0.983092, 0.0646464, 0.994332, -0.0843943, 0.182157, -0.0459587, -0.412707 )
bind/12/bone = 12
bind/12/pose = Transform( 0.985272, -0.0600962, -0.160042, -0.165286, -0.0955694, -0.981599, 0.0436928, 0.993606, -0.104092, 0.173393, -0.0364673, -0.421243 )
bind/13/bone = 13
bind/13/pose = Transform( 0.996536, 0.0649759, -0.0518024, -0.0820928, 0.866734, -0.491963, 0.0129432, 0.49452, 0.869064, 0.173943, -0.105119, -0.0233371 )
bind/14/bone = 14
bind/14/pose = Transform( 0.991821, -0.118535, -0.047227, 0.11449, 0.990143, -0.0806592, 0.0563346, 0.0745963, 0.995614, 0.177375, -0.0104709, 0.156527 )
bind/15/bone = 15
bind/15/pose = Transform( 0.996327, -0.0402283, -0.0755235, -0.0628574, 0.254983, -0.964893, 0.0580751, 0.966107, 0.251521, 0.156335, -0.218937, -0.761752 )
bind/16/bone = 16
bind/16/pose = Transform( 0.992725, 0.0820867, 0.0880383, 0.0779781, 0.118689, -0.98986, -0.0917035, 0.989533, 0.111426, -0.18919, -0.112258, -0.777333 )
bind/17/bone = 17
bind/17/pose = Transform( 0.983537, 0.077812, 0.163074, 0.168699, -0.0720761, -0.983025, -0.0647357, 0.99436, -0.0840149, -0.182144, -0.0460958, -0.412688 )
bind/18/bone = 18
bind/18/pose = Transform( 0.985172, 0.0601815, 0.160643, 0.165871, -0.0951413, -0.981543, -0.0437851, 0.993644, -0.103712, -0.173387, -0.0366019, -0.421226 )
bind/19/bone = 19
bind/19/pose = Transform( 0.996526, -0.0651008, 0.0518844, 0.0822403, 0.866727, -0.491953, -0.0129499, 0.494516, 0.869068, -0.173939, -0.105153, -0.0233499 )
bind/20/bone = 20
bind/20/pose = Transform( -0.995695, -0.0771299, -0.051344, 0.0730098, -0.994296, 0.0777528, -0.0570569, 0.0736706, 0.995645, 0.176673, 0.0177432, 0.156682 )
bind/21/bone = 21
bind/21/pose = Transform( 0.996291, 0.0400211, 0.0761279, 0.0635062, 0.254732, -0.96492, -0.0580104, 0.966183, 0.251247, -0.15616, -0.218818, -0.761822 )
bind/22/bone = 22
bind/22/pose = Transform( -1, -3.54658e-08, 2.19474e-06, -2.17315e-06, 0.15679, -0.987631, -3.09086e-07, -0.987631, -0.15679, 3.70989e-08, -0.151838, 0.859843 )
bind/23/bone = 23
bind/23/pose = Transform( -1, -6.07209e-08, 2.21276e-06, -2.19446e-06, 0.158348, -0.987383, -2.90431e-07, -0.987383, -0.158348, 6.22634e-08, -0.153397, 0.988167 )
bind/24/bone = 24
bind/24/pose = Transform( -1, -6.21599e-08, 2.21589e-06, -2.19802e-06, 0.157512, -0.987516, -2.87644e-07, -0.987516, -0.157512, 6.37961e-08, -0.15246, 1.10651 )
bind/25/bone = 25
bind/25/pose = Transform( 0.242305, -0.954356, -0.174615, 0.0865943, 0.200534, -0.975851, 0.966328, 0.221333, 0.131232, 1.25848, -0.23245, -0.258634 )
bind/26/bone = 26
bind/26/pose = Transform( 0.482457, -0.875759, -0.0167295, -0.0085113, 0.0144111, -0.999859, 0.875878, 0.482531, -0.000501404, 1.19202, -0.00837177, -0.486325 )
bind/27/bone = 27
bind/27/pose = Transform( 0.468832, -0.881608, 0.0544095, 0.208375, 0.0505311, -0.976742, 0.858356, 0.469266, 0.207395, 1.19284, 0.0310943, -0.22174 )
bind/28/bone = 28
bind/28/pose = Transform( 0.471505, -0.879742, 0.0611034, 0.223774, 0.0523362, -0.973234, 0.852999, 0.472559, 0.22154, 1.19162, 0.0347515, -0.227712 )
bind/29/bone = 29
bind/29/pose = Transform( -0.102984, -0.0409233, 0.99384, 0.562841, -0.826206, 0.0243021, 0.820124, 0.561877, 0.108119, 0.0174392, 1.18519, -0.138283 )
bind/30/bone = 30
bind/30/pose = Transform( 0.928202, -0.33123, 0.169492, 0.346199, 0.601919, -0.71961, 0.136335, 0.726621, 0.673373, 0.874456, -0.47287, -0.651566 )
bind/31/bone = 31
bind/31/pose = Transform( 0.89856, -0.430174, -0.0868299, 0.320349, 0.778188, -0.540184, 0.299944, 0.457571, 0.837054, 0.938942, -0.653348, -0.2329 )
bind/32/bone = 32
bind/32/pose = Transform( 0.914515, -0.404201, 0.0168197, 0.240101, 0.508832, -0.826706, 0.325597, 0.760072, 0.562383, 0.93266, -0.458277, -0.518836 )
bind/33/bone = 33
bind/33/pose = Transform( 0.242187, -0.0713333, -0.967603, -0.446878, 0.877008, -0.176506, 0.861189, 0.475149, 0.180522, 0.161523, -1.18001, 0.000958597 )
bind/34/bone = 34
bind/34/pose = Transform( 0.0314705, 0.0185357, -0.999332, -0.663649, 0.74801, -0.00702489, 0.747382, 0.663427, 0.0358413, -0.0613015, -1.1707, -0.217034 )
bind/35/bone = 35
bind/35/pose = Transform( -0.000592092, -0.0414605, -0.999139, -0.629812, 0.776094, -0.0318315, 0.776748, 0.629252, -0.0265721, -0.0218225, -1.17873, -0.134689 )
bind/36/bone = 36
bind/36/pose = Transform( -0.0211307, -0.04759, -0.998643, -0.79811, 0.602395, -0.0118192, 0.602142, 0.796777, -0.0507112, -0.0292025, -1.1166, -0.393642 )
bind/37/bone = 37
bind/37/pose = Transform( 0.164134, -0.0764368, -0.983471, -0.353563, 0.926192, -0.130992, 0.920897, 0.36922, 0.124994, 0.135497, -1.17252, 0.14274 )
bind/38/bone = 38
bind/38/pose = Transform( -0.00219821, 0.0216984, -0.999761, -0.717666, 0.696187, 0.0166875, 0.696383, 0.717531, 0.0140411, -0.0681536, -1.15432, -0.306085 )
bind/39/bone = 39
bind/39/pose = Transform( 0.0335747, -0.017198, -0.999287, -0.654934, 0.754874, -0.0349965, 0.754938, 0.655643, 0.0140803, -0.00637815, -1.17477, -0.167064 )
bind/40/bone = 40
bind/40/pose = Transform( 0.0439505, -0.0126182, -0.998952, -0.78996, 0.611685, -0.042482, 0.611579, 0.791, 0.0169152, -0.00398829, -1.12408, -0.370011 )
bind/41/bone = 41
bind/41/pose = Transform( 0.0252439, -0.073512, -0.996974, -0.38615, 0.919169, -0.0775527, 0.922091, 0.386939, -0.00518461, 0.0630923, -1.18237, 0.120964 )
bind/42/bone = 42
bind/42/pose = Transform( 0.0380933, -0.0202731, -0.999068, -0.716023, 0.696846, -0.0414411, 0.697037, 0.716933, 0.0120279, 0.0162561, -1.15529, -0.308471 )
bind/43/bone = 43
bind/43/pose = Transform( 0.0193562, -0.00597444, -0.999794, -0.642625, 0.765991, -0.0170183, 0.765937, 0.642822, 0.010986, -0.0100363, -1.17661, -0.150843 )
bind/44/bone = 44
bind/44/pose = Transform( 0.0468073, 0.0387291, -0.998152, -0.739093, 0.67355, -0.00852416, 0.671977, 0.738125, 0.0601503, -0.0359311, -1.14882, -0.282848 )
bind/45/bone = 45
bind/45/pose = Transform( 0.0331997, -0.058611, -0.997728, -0.400448, 0.913865, -0.0670095, 0.915717, 0.401763, 0.00686928, 0.0693453, -1.17985, 0.101167 )
bind/46/bone = 46
bind/46/pose = Transform( 0.0530528, -0.00712227, -0.998565, -0.667812, 0.743211, -0.0407811, 0.742436, 0.669017, 0.034673, 0.0286337, -1.16694, -0.23458 )
bind/47/bone = 47
bind/47/pose = Transform( 0.0981958, 0.0364738, -0.994498, -0.639515, 0.767982, -0.0349787, 0.762481, 0.63943, 0.0987381, 0.0134094, -1.17388, -0.159564 )
bind/48/bone = 48
bind/48/pose = Transform( 0.0870794, 0.0538111, -0.994746, -0.78244, 0.62175, -0.0348603, 0.616608, 0.781363, 0.0962455, -0.0109503, -1.1205, -0.378395 )
bind/49/bone = 49
bind/49/pose = Transform( 0.517218, -0.85583, -0.00625368, 0.0555634, 0.0408691, -0.997617, 0.854048, 0.515638, 0.0686908, 1.17161, -0.0326688, -0.532699 )
bind/50/bone = 50
bind/50/pose = Transform( 0.242306, 0.954358, 0.174605, -0.0866003, 0.200525, -0.975853, -0.966327, 0.221333, 0.131236, -1.25848, -0.232439, -0.258634 )
bind/51/bone = 51
bind/51/pose = Transform( 0.482516, 0.875858, 0.00704221, 0.00379686, 0.00594878, -0.999974, -0.875879, 0.48253, -0.000456164, -1.19205, 0.00315318, -0.486323 )
bind/52/bone = 52
bind/52/pose = Transform( 0.467463, 0.881919, -0.0607971, -0.211395, 0.0447419, -0.976376, -0.858366, 0.469271, 0.207347, -1.19261, 0.0388934, -0.221737 )
bind/53/bone = 53
bind/53/pose = Transform( 0.471355, 0.879774, -0.0618037, -0.224068, 0.0516817, -0.973202, -0.853006, 0.472572, 0.221489, -1.19159, 0.0356049, -0.227721 )
bind/54/bone = 54
bind/54/pose = Transform( -0.103279, 0.0402786, -0.993836, -0.562712, -0.826274, 0.0249891, -0.820176, 0.561824, 0.108001, -0.016597, 1.18521, -0.138199 )
bind/55/bone = 55
bind/55/pose = Transform( 0.033481, 0.0592466, 0.997681, 0.40029, 0.913882, -0.0677038, -0.915777, 0.401629, 0.00688031, -0.0701713, -1.1798, 0.101345 )
bind/56/bone = 56
bind/56/pose = Transform( -0.00505869, -0.0570559, 0.998358, 0.669793, 0.741137, 0.0457501, -0.742532, 0.668923, 0.0344648, 0.0723627, -1.1651, -0.234431 )
bind/57/bone = 57
bind/57/pose = Transform( 0.0783558, -0.0599416, 0.995121, 0.642166, 0.766552, -0.00439, -0.762552, 0.639377, 0.0985547, 0.0226355, -1.17378, -0.159471 )
bind/58/bone = 58
bind/58/pose = Transform( 0.0255972, -0.101896, 0.994465, 0.786783, 0.615741, 0.04284, -0.616701, 0.78133, 0.0959296, 0.0981809, -1.1163, -0.378315 )
bind/59/bone = 59
bind/59/pose = Transform( 0.242457, 0.0719829, 0.967488, 0.446692, 0.876965, -0.177191, -0.861209, 0.47513, 0.180471, -0.162361, -1.17988, 0.000991493 )
bind/60/bone = 60
bind/60/pose = Transform( 0.164408, 0.0770842, 0.983375, 0.353384, 0.926162, -0.131681, -0.920917, 0.369159, 0.125027, -0.136333, -1.17241, 0.14282 )
bind/61/bone = 61
bind/61/pose = Transform( 0.0255226, 0.0741466, 0.99692, 0.385995, 0.919175, -0.0782467, -0.922148, 0.386803, -0.00516163, -0.0639161, -1.18231, 0.121143 )
bind/62/bone = 62
bind/62/pose = Transform( 0.0329206, -0.0165934, 0.99932, 0.663477, 0.748137, -0.00943383, -0.747473, 0.663335, 0.0356372, 0.0584266, -1.17086, -0.216889 )
bind/63/bone = 63
bind/63/pose = Transform( 0.0509496, 0.105134, 0.993151, 0.627617, 0.77017, -0.113726, -0.776854, 0.629113, -0.0267455, -0.0750224, -1.17656, -0.134485 )
bind/64/bone = 64
bind/64/pose = Transform( -0.0208482, 0.0482176, 0.998618, 0.79801, 0.602515, -0.0124312, -0.602284, 0.796647, -0.0510406, 0.0283852, -1.11669, -0.393434 )
bind/65/bone = 65
bind/65/pose = Transform( -0.00190397, -0.0210664, 0.999776, 0.717565, 0.696305, 0.0160398, -0.696487, 0.717435, 0.0137901, 0.0673258, -1.15441, -0.30593 )
bind/66/bone = 66
bind/66/pose = Transform( -0.0461864, -0.0742986, 0.996165, 0.654055, 0.751499, 0.0863763, -0.755035, 0.655536, 0.0138856, 0.148671, -1.16538, -0.166899 )
bind/67/bone = 67
bind/67/pose = Transform( 0.0717292, 0.0345613, 0.996824, 0.787833, 0.610945, -0.077871, -0.611698, 0.790917, 0.0165936, -0.0360085, -1.12357, -0.369865 )
bind/68/bone = 68
bind/68/pose = Transform( -0.00294588, -0.0192921, 0.999809, 0.716923, 0.696978, 0.0155613, -0.697146, 0.716832, 0.0117765, 0.0495305, -1.1544, -0.308308 )
bind/69/bone = 69
bind/69/pose = Transform( 0.00394296, -0.0121074, 0.999919, 0.642793, 0.766009, 0.00674055, -0.766029, 0.642714, 0.0108017, 0.0379503, -1.17608, -0.150681 )
bind/70/bone = 70
bind/70/pose = Transform( 0.0354456, -0.048707, 0.998184, 0.739637, 0.672972, 0.00657379, -0.672071, 0.738061, 0.0598783, 0.0532055, -1.1482, -0.282734 )
bind/71/bone = 71
bind/71/pose = Transform( 0.925043, 0.346423, -0.155835, -0.346794, 0.602768, -0.718614, -0.155011, 0.718791, 0.677723, -0.887924, -0.473369, -0.632696 )
bind/72/bone = 72
bind/72/pose = Transform( 0.890941, 0.44276, 0.100935, -0.328667, 0.782061, -0.529488, -0.313373, 0.438568, 0.842291, -0.94716, -0.651862, -0.205312 )
bind/73/bone = 73
bind/73/pose = Transform( 0.908074, 0.418799, -0.00300646, -0.248459, 0.532916, -0.808869, -0.337151, 0.735258, 0.587981, -0.943639, -0.4763, -0.484719 )
bind/74/bone = 74
bind/74/pose = Transform( 0.517216, 0.855833, 0.00587293, -0.0557863, 0.0405602, -0.997618, -0.854034, 0.515656, 0.0687212, -1.17161, -0.0322412, -0.532725 )
bind/75/bone = 75
bind/75/pose = Transform( 0.989295, 0.0403343, -0.140243, -0.0710855, 0.972508, -0.221749, 0.127444, 0.229345, 0.964965, 0.0349826, -1.14944, -0.25015 )
bind/76/bone = 76
bind/76/pose = Transform( 0.989295, -0.0403341, 0.140239, 0.0710843, 0.972508, -0.22175, -0.12744, 0.229345, 0.964965, -0.0349829, -1.14944, -0.250151 )
bind/77/bone = 77
bind/77/pose = Transform( -1, 3.69668e-06, 1.92176e-06, -3.75599e-06, -0.999492, -0.0318362, 1.8031e-06, -0.0318362, 0.999492, -4.98064e-06, 1.34059, 0.0144047 )
bind/78/bone = 78
bind/78/pose = Transform( -1, 1.44663e-08, 2.1872e-06, -2.07566e-06, -0.321602, -0.946874, 6.89703e-07, -0.946874, 0.321602, -5.26341e-08, 0.457844, 1.26006 )
bind/79/bone = 79
bind/79/pose = Transform( 1, 7.90145e-06, -2.26811e-06, -8.03801e-06, 0.99766, -0.0683574, 1.72268e-06, 0.0683574, 0.99766, -1.13375e-05, -1.43582, -0.0932044 )
bind/80/bone = 80
bind/80/pose = Transform( -1, -1.44235e-07, 1.23085e-06, -1.21894e-06, -0.0646859, -0.997905, 2.23534e-07, -0.997904, 0.0646861, 1.70774e-07, 0.0879206, 1.43616 )
bind/81/bone = 81
bind/81/pose = Transform( 1, 2.31129e-07, 1.90134e-06, -5.34702e-08, 0.995674, -0.0929043, -1.91458e-06, 0.092904, 0.995674, -0.0336502, -1.49276, -0.0240912 )
bind/82/bone = 82
bind/82/pose = Transform( 1, -1.3585e-07, -1.83277e-06, -3.49915e-08, 0.995674, -0.0929043, 1.83747e-06, 0.0929042, 0.995675, 0.0336502, -1.49276, -0.0240915 )
bind/83/bone = 83
bind/83/pose = Transform( 1, 1.86966e-09, 5.2654e-09, 4.96659e-09, 0.0823414, -0.996624, -2.30046e-09, 0.996605, 0.0823385, 3.45306e-08, -0.169712, -0.747061 )
bind/84/bone = 84
bind/84/pose = Transform( 1, 6.34883e-09, 1.71015e-08, 1.73129e-08, -0.0612961, -0.998155, -5.28336e-09, 0.99812, -0.0612912, 8.83826e-09, 0.113037, -0.742264 )

[sub_resource type="Skin" id=3]
bind_count = 85
bind/0/bone = 0
bind/0/pose = Transform( -1, 8.63911e-07, 1.66964e-06, -8.68588e-07, -0.999996, -0.00280337, 1.66721e-06, -0.00280337, 0.999996, 0, 0, 0 )
bind/1/bone = 1
bind/1/pose = Transform( -0.999199, -0.00255419, 0.0398373, -0.0398197, -0.00644929, -0.999186, 0.00280455, -0.999974, 0.00634223, -0.186452, -0.00687906, -0.00076137 )
bind/2/bone = 2
bind/2/pose = Transform( -0.999524, 0.0258441, -0.0165747, 0.02332, 0.990171, 0.137887, 0.0199761, 0.137435, -0.99031, -0.186445, 0.00554235, -0.146355 )
bind/3/bone = 3
bind/3/pose = Transform( 0.996537, 0.0649771, -0.0518011, -0.0820822, 0.866734, -0.491966, 0.0129332, 0.494515, 0.869073, 0.173957, -0.105122, -0.0233521 )
bind/4/bone = 4
bind/4/pose = Transform( 0.972234, -0.233834, -0.00843335, 0.232517, 0.969527, -0.0771429, 0.0262151, 0.0730406, 0.996984, 0.181759, 0.0123502, 0.151734 )
bind/5/bone = 5
bind/5/pose = Transform( -0.999279, 0.00255416, -0.0398432, 0.0398347, -0.00644831, -0.999186, -0.00290749, -1.00001, 0.00634542, 0.186467, -0.00688287, -0.000742213 )
bind/6/bone = 6
bind/6/pose = Transform( -0.988482, -0.151197, -0.014912, 0.149562, -0.985833, 0.0761559, -0.0262157, 0.0730385, 0.996985, 0.18217, 0.00304768, 0.151735 )
bind/7/bone = 7
bind/7/pose = Transform( -0.999612, -0.0256746, 0.0166034, -0.0230482, 0.990208, 0.137886, -0.019962, 0.137446, -0.990309, 0.186462, 0.00549182, -0.146359 )
bind/8/bone = 8
bind/8/pose = Transform( 0.996599, -0.0651057, 0.0518718, 0.0823261, 0.86675, -0.491969, -0.0128874, 0.494538, 0.869068, -0.173955, -0.105167, -0.0233622 )
bind/9/bone = 9
bind/9/pose = Transform( -1, -1.21302e-08, 2.50467e-06, -2.50452e-06, 0.0168774, -0.999858, -3.01439e-08, -0.999858, -0.0168774, 2.14208e-08, -0.0298778, 0.714559 )
bind/10/bone = 10
bind/10/pose = Transform( 0.992771, -0.0821675, -0.0874237, -0.0773324, 0.118989, -0.989873, 0.0917381, 0.989489, 0.111777, 0.189266, -0.112416, -0.777291 )
bind/11/bone = 11
bind/11/pose = Transform( 0.983641, -0.0777438, -0.162461, -0.168113, -0.072514, -0.983092, 0.0646464, 0.994332, -0.0843943, 0.182157, -0.0459587, -0.412707 )
bind/12/bone = 12
bind/12/pose = Transform( 0.985272, -0.0600962, -0.160042, -0.165286, -0.0955694, -0.981599, 0.0436928, 0.993606, -0.104092, 0.173393, -0.0364673, -0.421243 )
bind/13/bone = 13
bind/13/pose = Transform( 0.996536, 0.0649759, -0.0518024, -0.0820928, 0.866734, -0.491963, 0.0129432, 0.49452, 0.869064, 0.173943, -0.105119, -0.0233371 )
bind/14/bone = 14
bind/14/pose = Transform( 0.991821, -0.118535, -0.047227, 0.11449, 0.990143, -0.0806592, 0.0563346, 0.0745963, 0.995614, 0.177375, -0.0104709, 0.156527 )
bind/15/bone = 15
bind/15/pose = Transform( 0.996327, -0.0402283, -0.0755235, -0.0628574, 0.254983, -0.964893, 0.0580751, 0.966107, 0.251521, 0.156335, -0.218937, -0.761752 )
bind/16/bone = 16
bind/16/pose = Transform( 0.992725, 0.0820867, 0.0880383, 0.0779781, 0.118689, -0.98986, -0.0917035, 0.989533, 0.111426, -0.18919, -0.112258, -0.777333 )
bind/17/bone = 17
bind/17/pose = Transform( 0.983537, 0.077812, 0.163074, 0.168699, -0.0720761, -0.983025, -0.0647357, 0.99436, -0.0840149, -0.182144, -0.0460958, -0.412688 )
bind/18/bone = 18
bind/18/pose = Transform( 0.985172, 0.0601815, 0.160643, 0.165871, -0.0951413, -0.981543, -0.0437851, 0.993644, -0.103712, -0.173387, -0.0366019, -0.421226 )
bind/19/bone = 19
bind/19/pose = Transform( 0.996526, -0.0651008, 0.0518844, 0.0822403, 0.866727, -0.491953, -0.0129499, 0.494516, 0.869068, -0.173939, -0.105153, -0.0233499 )
bind/20/bone = 20
bind/20/pose = Transform( -0.995695, -0.0771299, -0.051344, 0.0730098, -0.994296, 0.0777528, -0.0570569, 0.0736706, 0.995645, 0.176673, 0.0177432, 0.156682 )
bind/21/bone = 21
bind/21/pose = Transform( 0.996291, 0.0400211, 0.0761279, 0.0635062, 0.254732, -0.96492, -0.0580104, 0.966183, 0.251247, -0.15616, -0.218818, -0.761822 )
bind/22/bone = 22
bind/22/pose = Transform( -1, -3.54658e-08, 2.19474e-06, -2.17315e-06, 0.15679, -0.987631, -3.09086e-07, -0.987631, -0.15679, 3.70989e-08, -0.151838, 0.859843 )
bind/23/bone = 23
bind/23/pose = Transform( -1, -6.07209e-08, 2.21276e-06, -2.19446e-06, 0.158348, -0.987383, -2.90431e-07, -0.987383, -0.158348, 6.22634e-08, -0.153397, 0.988167 )
bind/24/bone = 24
bind/24/pose = Transform( -1, -6.21599e-08, 2.21589e-06, -2.19802e-06, 0.157512, -0.987516, -2.87644e-07, -0.987516, -0.157512, 6.37961e-08, -0.15246, 1.10651 )
bind/25/bone = 25
bind/25/pose = Transform( 0.242305, -0.954356, -0.174615, 0.0865943, 0.200534, -0.975851, 0.966328, 0.221333, 0.131232, 1.25848, -0.23245, -0.258634 )
bind/26/bone = 26
bind/26/pose = Transform( 0.482457, -0.875759, -0.0167295, -0.0085113, 0.0144111, -0.999859, 0.875878, 0.482531, -0.000501404, 1.19202, -0.00837177, -0.486325 )
bind/27/bone = 27
bind/27/pose = Transform( 0.468832, -0.881608, 0.0544095, 0.208375, 0.0505311, -0.976742, 0.858356, 0.469266, 0.207395, 1.19284, 0.0310943, -0.22174 )
bind/28/bone = 28
bind/28/pose = Transform( 0.471505, -0.879742, 0.0611034, 0.223774, 0.0523362, -0.973234, 0.852999, 0.472559, 0.22154, 1.19162, 0.0347515, -0.227712 )
bind/29/bone = 29
bind/29/pose = Transform( -0.102984, -0.0409233, 0.99384, 0.562841, -0.826206, 0.0243021, 0.820124, 0.561877, 0.108119, 0.0174392, 1.18519, -0.138283 )
bind/30/bone = 30
