[gd_scene load_steps=103 format=2]

[ext_resource path="res://Data/Actors/Human/Female/Head.mesh" type="ArrayMesh" id=1]
[ext_resource path="res://Data/Actors/Human/Female/Animations/Locomotion/WalkForward.anim" type="Animation" id=2]
[ext_resource path="res://Data/Actors/Human/Female/Hairs/Short Hair/Short Hair.tscn" type="PackedScene" id=3]
[ext_resource path="res://Data/Items/Clothes/Human/Common/Collar/Collar - Worn.tscn" type="PackedScene" id=4]
[ext_resource path="res://Source/AlleyCat/Autowire/Binding.cs" type="Script" id=5]
[ext_resource path="res://Source/AlleyCat/Common/Marker.cs" type="Script" id=6]
[ext_resource path="res://Data/Actors/Human/Female/Animations/Idle/Idle.anim" type="Animation" id=7]
[ext_resource path="res://Data/Actors/Human/Female/Animations/Idle/Reset.anim" type="Animation" id=8]
[ext_resource path="res://Data/Actors/Human/Female/Animations/Sit/KneelEnd.anim" type="Animation" id=9]
[ext_resource path="res://Data/Actors/Human/Female/Animations/Sit/SitOnGroundStart.anim" type="Animation" id=10]
[ext_resource path="res://Data/Actors/Human/Female/Animations/Sit/Kneel.anim" type="Animation" id=11]
[ext_resource path="res://Data/Actors/Human/Female/Animations/Sit/KneelStart.anim" type="Animation" id=12]
[ext_resource path="res://Data/Actors/Human/Female/Animations/Sit/SitOnGround.anim" type="Animation" id=13]
[ext_resource path="res://Data/Actors/Human/Female/Animations/Sit/SitOnGroundEnd.anim" type="Animation" id=14]
[ext_resource path="res://Data/Actors/Human/Female/Animations/Interactions/PickUp.anim" type="Animation" id=15]
[ext_resource path="res://Data/Actors/Human/Female/Animations/Interactions/HoldInRightHand.anim" type="Animation" id=16]
[ext_resource path="res://Data/Actors/Human/Female/Animations/Interactions/HoldTwoHands.anim" type="Animation" id=17]
[ext_resource path="res://Data/Actors/Human/Female/Animations/Interactions/SwingPickaxe.anim" type="Animation" id=18]
[ext_resource path="res://Data/Actors/Human/Female/Animations/Locomotion/RunForward.anim" type="Animation" id=19]
[ext_resource path="res://Source/AlleyCat/Animation/AnimationStateManagerFactory.cs" type="Script" id=20]
[ext_resource path="res://Data/Actors/Human/Female/Animations/Locomotion/WalkBackward.anim" type="Animation" id=21]
[ext_resource path="res://Data/Actors/Human/Female/Animations/Expressions/Blink.anim" type="Animation" id=22]
[ext_resource path="res://Source/AlleyCat/Attribute/AggregateAttributeFactory.cs" type="Script" id=23]
[ext_resource path="res://Source/AlleyCat/Character/HumanoidFactory.cs" type="Script" id=24]
[ext_resource path="res://Data/Actors/Human/Female/Animations/Idle/Breath.anim" type="Animation" id=25]
[ext_resource path="res://Data/Actors/Human/Female/Animations/Expressions/Eyes Horizontal.anim" type="Animation" id=26]
[ext_resource path="res://Source/AlleyCat/Attribute/DelegateAttributeFactory.cs" type="Script" id=27]
[ext_resource path="res://Source/AlleyCat/Motion/AnimationDrivenLocomotionFactory.cs" type="Script" id=28]
[ext_resource path="res://Source/AlleyCat/Sensor/PairedEyeSightFactory.cs" type="Script" id=29]
[ext_resource path="res://Data/Actors/Human/Female/Animations/Expressions/Eyes Vertical.anim" type="Animation" id=30]
[ext_resource path="res://Source/AlleyCat/Animation/IKChain.cs" type="Script" id=31]
[ext_resource path="res://Data/Actors/Human/Female/Body.mesh" type="ArrayMesh" id=32]
[ext_resource path="res://Source/AlleyCat/Item/PickupActionFactory.cs" type="Script" id=34]
[ext_resource path="res://Source/AlleyCat/Item/DropActionFactory.cs" type="Script" id=35]
[ext_resource path="res://Source/AlleyCat/Action/SitActionFactory.cs" type="Script" id=36]
[ext_resource path="res://Source/AlleyCat/Action/ActionGroupFactory.cs" type="Script" id=37]
[ext_resource path="res://Source/AlleyCat/Motion/SpeedAttributeFactory.cs" type="Script" id=38]
[ext_resource path="res://Data/Textures/Icons/running.svg" type="Texture" id=39]
[ext_resource path="res://Source/AlleyCat/Attribute/AccumulateAttributeFactory.cs" type="Script" id=40]
[ext_resource path="res://Source/AlleyCat/Item/EncumbranceAttributeFactory.cs" type="Script" id=41]
[ext_resource path="res://Source/AlleyCat/Action/ActionSetFactory.cs" type="Script" id=42]
[ext_resource path="res://Source/AlleyCat/Attribute/ConstantAttributeFactory.cs" type="Script" id=43]
[ext_resource path="res://Source/AlleyCat/Action/GetUpActionFactory.cs" type="Script" id=44]
[ext_resource path="res://Source/AlleyCat/Item/MeleeFatigueAttributeFactory.cs" type="Script" id=45]
[ext_resource path="res://Source/AlleyCat/Attribute/SampleAttributeFactory.cs" type="Script" id=46]
[ext_resource path="res://Source/AlleyCat/Attribute/DebounceAttributeFactory.cs" type="Script" id=47]
[ext_resource path="res://Data/Actors/Human/Human.tres" type="Resource" id=48]
[ext_resource path="res://Data/Items/Clothes/Human/Female/Rag/Rag - Worn.tscn" type="PackedScene" id=49]

[sub_resource type="CapsuleShape" id=1]
radius = 0.246558
height = 1.13148

[sub_resource type="AnimationNodeAnimation" id=2]
animation = "Blink"

[sub_resource type="AnimationNodeOneShot" id=3]
filter_enabled = true
filters = [ "Head:blend_shapes/Expressions_eyeClosedL_max", "Head:blend_shapes/Expressions_eyeClosedR_max" ]
autorestart = true
autorestart_delay = 3.0
autorestart_random_delay = 1.0

[sub_resource type="AnimationNodeAnimation" id=4]
animation = "Breath"

[sub_resource type="AnimationNodeTimeScale" id=5]

[sub_resource type="AnimationNodeBlend2" id=6]
filter_enabled = true
filters = [ "Body:blend_shapes/Expressions_abdomExpansion_max", "Body:blend_shapes/Expressions_chestExpansion_max" ]

[sub_resource type="AnimationNodeBlend2" id=7]
filter_enabled = true
filters = [ "Head:blend_shapes/Expressions_eyesVert_max", "Head:blend_shapes/Expressions_eyesVert_min" ]

[sub_resource type="AnimationNodeTimeSeek" id=8]

[sub_resource type="AnimationNodeAnimation" id=9]
animation = "Eyes Horizontal"

[sub_resource type="AnimationNodeTimeScale" id=10]

[sub_resource type="AnimationNodeTimeScale" id=11]

[sub_resource type="AnimationNodeTimeSeek" id=12]

[sub_resource type="AnimationNodeAnimation" id=13]
animation = "Eyes Vertical"

[sub_resource type="AnimationNodeBlendTree" id=14]
graph_offset = Vector2( -290, 89 )
nodes/Blend/node = SubResource( 7 )
nodes/Blend/position = Vector2( 480, 120 )
nodes/Horizontal/node = SubResource( 9 )
nodes/Horizontal/position = Vector2( -220, 120 )
"nodes/Horizontal Seek/node" = SubResource( 8 )
"nodes/Horizontal Seek/position" = Vector2( 280, 80 )
"nodes/TimeScale Horizontal/node" = SubResource( 10 )
"nodes/TimeScale Horizontal/position" = Vector2( 40, 100 )
"nodes/TimeScale Vertical/node" = SubResource( 11 )
"nodes/TimeScale Vertical/position" = Vector2( 40, 240 )
nodes/Vertical/node = SubResource( 13 )
nodes/Vertical/position = Vector2( -220, 260 )
"nodes/Vertical Seek/node" = SubResource( 12 )
"nodes/Vertical Seek/position" = Vector2( 280, 240 )
nodes/output/position = Vector2( 680, 120 )
node_connections = [ "output", 0, "Blend", "Blend", 0, "Horizontal Seek", "Blend", 1, "Vertical Seek", "Vertical Seek", 0, "TimeScale Vertical", "Horizontal Seek", 0, "TimeScale Horizontal", "TimeScale Horizontal", 0, "Horizontal", "TimeScale Vertical", 0, "Vertical" ]

[sub_resource type="AnimationNodeBlend2" id=15]
filter_enabled = true
filters = [ "Head:blend_shapes/Expressions_eyesHoriz_max", "Head:blend_shapes/Expressions_eyesHoriz_min", "Head:blend_shapes/Expressions_eyesVert_max", "Head:blend_shapes/Expressions_eyesVert_min" ]

[sub_resource type="AnimationNodeAnimation" id=16]
resource_local_to_scene = true
animation = "Reset"

[sub_resource type="AnimationNodeBlend2" id=17]
resource_local_to_scene = true

[sub_resource type="AnimationNodeAnimation" id=18]
resource_local_to_scene = true
animation = "Reset"

[sub_resource type="AnimationNodeAnimation" id=19]
resource_local_to_scene = true
animation = "Idle"

[sub_resource type="AnimationNodeAnimation" id=20]
animation = "WalkForward"

[sub_resource type="AnimationNodeAnimation" id=21]
animation = "WalkBackward"

[sub_resource type="AnimationNodeAnimation" id=22]
animation = "WalkForward"

[sub_resource type="AnimationNodeAnimation" id=23]
animation = "WalkForward"

[sub_resource type="AnimationNodeAnimation" id=24]
animation = "RunForward"

[sub_resource type="AnimationNodeBlendSpace2D" id=25]
blend_point_0/node = SubResource( 20 )
blend_point_0/pos = Vector2( 0, 1 )
blend_point_1/node = SubResource( 21 )
blend_point_1/pos = Vector2( 0, -0.5 )
blend_point_2/node = SubResource( 22 )
blend_point_2/pos = Vector2( -0.2, 0 )
blend_point_3/node = SubResource( 23 )
blend_point_3/pos = Vector2( 0.2, 0 )
blend_point_4/node = SubResource( 24 )
blend_point_4/pos = Vector2( 0, 1.8 )
max_space = Vector2( 1, 2 )

[sub_resource type="AnimationNodeTimeScale" id=26]

[sub_resource type="AnimationNodeBlendTree" id=27]
nodes/Direction/node = SubResource( 25 )
nodes/Direction/position = Vector2( 100, 60 )
nodes/Speed/node = SubResource( 26 )
nodes/Speed/position = Vector2( 340, 60 )
nodes/output/position = Vector2( 560, 60 )
node_connections = [ "output", 0, "Speed", "Speed", 0, "Direction" ]

[sub_resource type="AnimationNodeAnimation" id=28]
resource_local_to_scene = true
animation = "Reset"

[sub_resource type="AnimationNodeAnimation" id=29]
animation = "Reset"

[sub_resource type="AnimationNodeAnimation" id=30]
animation = "Reset"

[sub_resource type="AnimationNodeTransition" id=31]
input_count = 2
xfade_time = 1.22644e-19
input_0/name = "1"
input_0/auto_advance = false
input_1/name = "2"
input_1/auto_advance = false

[sub_resource type="AnimationNodeBlendTree" id=32]
graph_offset = Vector2( 24.5849, 57.5079 )
nodes/Sit/node = SubResource( 31 )
nodes/Sit/position = Vector2( 520, 100 )
"nodes/Sit Animation 1/node" = SubResource( 29 )
"nodes/Sit Animation 1/position" = Vector2( 300, 80 )
"nodes/Sit Animation 2/node" = SubResource( 30 )
"nodes/Sit Animation 2/position" = Vector2( 300, 220 )
nodes/output/position = Vector2( 720, 100 )
node_connections = [ "output", 0, "Sit", "Sit", 0, "Sit Animation 1", "Sit", 1, "Sit Animation 2" ]

[sub_resource type="AnimationNodeAnimation" id=33]
resource_local_to_scene = true
animation = "Reset"

[sub_resource type="AnimationNodeStateMachineTransition" id=34]
switch_mode = 2
auto_advance = true

[sub_resource type="AnimationNodeStateMachineTransition" id=35]

[sub_resource type="AnimationNodeStateMachine" id=36]
resource_local_to_scene = true
"states/Getting Up/node" = SubResource( 28 )
"states/Getting Up/position" = Vector2( 444.584, 49.2584 )
states/Seated/node = SubResource( 32 )
states/Seated/position = Vector2( 281.661, 49.2584 )
"states/Sitting Down/node" = SubResource( 33 )
"states/Sitting Down/position" = Vector2( 113.757, 49.2584 )
transitions = [ "Sitting Down", "Seated", SubResource( 34 ), "Seated", "Getting Up", SubResource( 35 ) ]
start_node = "Sitting Down"
end_node = "Getting Up"
graph_offset = Vector2( -6.99635, -42.9573 )

[sub_resource type="AnimationNodeTimeSeek" id=37]

[sub_resource type="AnimationNodeTimeScale" id=38]

[sub_resource type="AnimationNodeAnimation" id=39]
animation = "Reset"

[sub_resource type="AnimationNodeBlendTree" id=40]
graph_offset = Vector2( -5, 103 )
nodes/Swing/node = SubResource( 39 )
nodes/Swing/position = Vector2( 200, 80 )
"nodes/Swing Seek/node" = SubResource( 37 )
"nodes/Swing Seek/position" = Vector2( 480, 60 )
"nodes/Swing Speed/node" = SubResource( 38 )
"nodes/Swing Speed/position" = Vector2( 400, 200 )
nodes/output/position = Vector2( 700, 60 )
node_connections = [ "output", 0, "Swing Seek", "Swing Seek", 0, "Swing Speed", "Swing Speed", 0, "Swing" ]

[sub_resource type="AnimationNodeStateMachineTransition" id=41]
switch_mode = 2
auto_advance = true
xfade_time = 0.2

[sub_resource type="AnimationNodeStateMachineTransition" id=42]
xfade_time = 0.2

[sub_resource type="AnimationNodeStateMachineTransition" id=43]
switch_mode = 2
auto_advance = true
xfade_time = 0.2

[sub_resource type="AnimationNodeStateMachineTransition" id=44]
xfade_time = 0.2

[sub_resource type="AnimationNodeStateMachineTransition" id=45]
xfade_time = 0.2

[sub_resource type="AnimationNodeStateMachineTransition" id=46]
xfade_time = 0.2

[sub_resource type="AnimationNodeStateMachineTransition" id=47]
xfade_time = 0.2

[sub_resource type="AnimationNodeStateMachineTransition" id=48]
xfade_time = 0.2

[sub_resource type="AnimationNodeStateMachineTransition" id=49]
xfade_time = 0.5

[sub_resource type="AnimationNodeStateMachineTransition" id=50]
xfade_time = 0.5

[sub_resource type="AnimationNodeStateMachine" id=51]
resource_local_to_scene = true
states/Action/node = SubResource( 18 )
states/Action/position = Vector2( 227.697, -75.0519 )
states/Idle/node = SubResource( 19 )
states/Idle/position = Vector2( 40.7945, 61.2465 )
states/Moving/node = SubResource( 27 )
states/Moving/position = Vector2( 424.983, 61.2465 )
states/Seated/node = SubResource( 36 )
states/Seated/position = Vector2( 227.697, 141.167 )
states/Swing/node = SubResource( 40 )
states/Swing/position = Vector2( 40.7945, -75.0519 )
transitions = [ "Seated", "Idle", SubResource( 41 ), "Idle", "Action", SubResource( 42 ), "Action", "Idle", SubResource( 43 ), "Idle", "Seated", SubResource( 44 ), "Moving", "Action", SubResource( 45 ), "Action", "Moving", SubResource( 46 ), "Moving", "Idle", SubResource( 47 ), "Idle", "Moving", SubResource( 48 ), "Idle", "Swing", SubResource( 49 ), "Swing", "Idle", SubResource( 50 ) ]
start_node = "Idle"
graph_offset = Vector2( -255.017, -103.091 )

[sub_resource type="AnimationNodeBlendTree" id=52]
resource_local_to_scene = true
graph_offset = Vector2( 0, 63.5 )
nodes/Blinking/node = SubResource( 3 )
nodes/Blinking/position = Vector2( 580, 120 )
"nodes/Blinking Animation/node" = SubResource( 2 )
"nodes/Blinking Animation/position" = Vector2( 340, 300 )
nodes/Breathing/node = SubResource( 6 )
nodes/Breathing/position = Vector2( 300, 100 )
"nodes/Breathing Animation/node" = SubResource( 4 )
"nodes/Breathing Animation/position" = Vector2( -220, 380 )
"nodes/Breathing Speed/node" = SubResource( 5 )
"nodes/Breathing Speed/position" = Vector2( 60, 300 )
nodes/Eyes/node = SubResource( 15 )
nodes/Eyes/position = Vector2( -100, 120 )
"nodes/Eyes Control/node" = SubResource( 14 )
"nodes/Eyes Control/position" = Vector2( -400, 280 )
nodes/Hands/node = SubResource( 17 )
nodes/Hands/position = Vector2( 980, 80 )
"nodes/Hands Animation/node" = SubResource( 16 )
"nodes/Hands Animation/position" = Vector2( 760, 280 )
nodes/States/node = SubResource( 51 )
nodes/States/position = Vector2( -400, 140 )
nodes/output/position = Vector2( 1180, 80 )
node_connections = [ "output", 0, "Hands", "Eyes", 0, "States", "Eyes", 1, "Eyes Control", "Blinking", 0, "Breathing", "Blinking", 1, "Blinking Animation", "Breathing", 0, "Eyes", "Breathing", 1, "Breathing Speed", "Breathing Speed", 0, "Breathing Animation", "Hands", 0, "Blinking", "Hands", 1, "Hands Animation" ]

[sub_resource type="AnimationNodeStateMachinePlayback" id=53]

[sub_resource type="AnimationNodeStateMachinePlayback" id=54]

[node name="Female" type="KinematicBody"]

[node name="Context" type="Node" parent="."]
script = ExtResource( 24 )
Key = "Female"
DisplayName = "Female"
Race = ExtResource( 48 )
Sex = 1

[node name="Rig" type="Skeleton" parent="."]
bones/0/name = "root"
bones/0/parent = -1
bones/0/rest = Transform( -1, 2.55898e-06, 3.08124e-07, -2.48132e-06, -0.988142, 0.153545, 6.97388e-07, 0.153545, 0.988141, -6.07597e-09, 0.0476921, 0.00536195 )
bones/0/enabled = true
bones/0/bound_children = [  ]
bones/1/name = "struct_ft01_L"
bones/1/parent = 0
bones/1/rest = Transform( 0.99992, -7.74864e-05, 0.0126369, -0.0124864, -0.159371, 0.987137, 0.00193737, -0.987219, -0.159359, 0.20489, 0.0474339, -0.00851461 )
bones/1/enabled = true
bones/1/bound_children = [  ]
bones/2/name = "struct_ft02_L"
bones/2/parent = 1
bones/2/rest = Transform( 0.999921, 0.0125219, -0.000505018, 0.00209878, -0.127594, 0.991824, 0.0123551, -0.991748, -0.12761, -7.96387e-05, 0.156418, -0.0201251 )
bones/2/enabled = true
bones/2/bound_children = [  ]
bones/3/name = "struct_ft03_L"
bones/3/parent = 2
bones/3/rest = Transform( -0.996248, 0.0368492, -0.0783023, -0.0161957, 0.809437, 0.586983, 0.0850108, 0.586049, -0.805803, -0.0119062, 0.089253, -0.122525 )
bones/3/enabled = true
bones/3/bound_children = [  ]
bones/4/name = "IK_control_ts_L"
bones/4/parent = 1
bones/4/rest = Transform( -0.9957, -0.00900628, -0.0921973, 0.0912466, 0.0763846, -0.992894, 0.0159847, -0.997038, -0.0752344, -7.96386e-05, 0.156418, -0.0201251 )
bones/4/enabled = true
bones/4/bound_children = [  ]
bones/5/name = "struct_ft01_R"
bones/5/parent = 0
bones/5/rest = Transform( 0.99992, 7.70032e-05, -0.0126319, 0.0124808, -0.15937, 0.987136, -0.001937, -0.987219, -0.159359, -0.20489, 0.0474349, -0.00851456 )
bones/5/enabled = true
bones/5/bound_children = [  ]
bones/6/name = "IK_control_ts_R"
bones/6/parent = 5
bones/6/rest = Transform( -0.9957, 0.00897354, 0.0921976, -0.0912494, 0.0763809, -0.992895, -0.0159519, -0.997038, -0.0752338, 7.95687e-05, 0.156418, -0.0201252 )
bones/6/enabled = true
bones/6/bound_children = [  ]
bones/7/name = "struct_ft02_R"
bones/7/parent = 5
bones/7/rest = Transform( 0.999921, -0.0125221, 0.000504643, -0.00209844, -0.127595, 0.991824, -0.0123554, -0.991747, -0.127611, 7.95687e-05, 0.156418, -0.0201252 )
bones/7/enabled = true
bones/7/bound_children = [  ]
bones/8/name = "struct_ft03_R"
bones/8/parent = 7
bones/8/rest = Transform( -0.996248, -0.0368496, 0.0783024, 0.0161956, 0.809437, 0.586984, -0.0850109, 0.58605, -0.805803, 0.0119062, 0.0892531, -0.122525 )
bones/8/enabled = true
bones/8/bound_children = [  ]
bones/9/name = "pelvis"
bones/9/parent = 0
bones/9/rest = Transform( 1, -3.36991e-07, 2.47736e-06, -2.4991e-06, -0.163748, 0.986502, 7.32195e-08, -0.986502, -0.163748, -1.6766e-06, -0.664583, 0.0742252 )
bones/9/enabled = true
bones/9/bound_children = [  ]
bones/10/name = "thigh_L"
bones/10/parent = 9
bones/10/rest = Transform( -0.992876, 0.0903192, -0.0775238, 0.0954465, 0.993255, -0.065612, 0.0710789, -0.0725444, -0.994829, 0.121783, -0.0103183, -0.0766905 )
bones/10/enabled = true
bones/10/bound_children = [  ]
bones/11/name = "calf_L"
bones/11/parent = 10
bones/11/rest = Transform( 0.995392, -0.0739273, 0.0610658, 0.0654013, 0.989165, 0.131438, -0.070121, -0.126838, 0.989442, 8.84756e-09, 1.01514e-07, -0.362112 )
bones/11/enabled = true
bones/11/bound_children = [  ]
bones/12/name = "calf_twist_L"
bones/12/parent = 11
bones/12/rest = Transform( 1, -7.1153e-07, 5.58794e-08, 7.26897e-07, 1, 2.23517e-08, -5.86733e-08, -2.23517e-08, 1, 5.12227e-09, 1.30385e-08, 3.11993e-08 )
bones/12/enabled = true
bones/12/bound_children = [  ]
bones/13/name = "foot_L"
bones/13/parent = 11
bones/13/rest = Transform( 0.988141, -0.0742812, -0.134387, -0.0888482, 0.43721, -0.89496, 0.125234, 0.896287, 0.425425, -6.51926e-09, 6.98492e-10, -0.343095 )
bones/13/enabled = true
bones/13/bound_children = [  ]
bones/14/name = "toes_L"
bones/14/parent = 13
bones/14/rest = Transform( 0.99971, 0.0224652, 0.00870821, -0.0168652, 0.910587, -0.412972, -0.0172071, 0.412706, 0.910702, 1.56506e-08, 9.31323e-10, -0.152059 )
bones/14/enabled = true
bones/14/bound_children = [  ]
bones/15/name = "thigh_twist_L"
bones/15/parent = 10
bones/15/rest = Transform( 1, -1.16415e-07, 3.11993e-08, 1.11293e-07, 1, 4.65661e-10, -3.44589e-08, -1.02445e-08, 1, -2.59606e-08, -5.58794e-09, 2.52039e-08 )
bones/15/enabled = true
bones/15/bound_children = [  ]
bones/16/name = "thigh_R"
bones/16/parent = 9
bones/16/rest = Transform( -0.992908, -0.090298, 0.0775212, -0.0954851, 0.993281, -0.0656183, -0.0710711, -0.0725545, -0.994829, -0.121783, -0.0103183, -0.0766904 )
bones/16/enabled = true
bones/16/bound_children = [  ]
bones/17/name = "calf_R"
bones/17/parent = 16
bones/17/rest = Transform( 0.995392, 0.0739285, -0.0610665, -0.0654018, 0.989164, 0.131445, 0.0701223, -0.126845, 0.989441, -1.16415e-08, -3.91155e-08, -0.362112 )
bones/17/enabled = true
bones/17/bound_children = [  ]
bones/18/name = "calf_twist_R"
bones/18/parent = 17
bones/18/rest = Transform( 1, -5.83939e-07, -2.04891e-08, 5.73695e-07, 1, 1.11759e-08, -1.11759e-08, -1.67638e-08, 1, -1.02445e-08, 1.86265e-09, -3.63216e-08 )
bones/18/enabled = true
bones/18/bound_children = [  ]
bones/19/name = "foot_R"
bones/19/parent = 17
bones/19/rest = Transform( 0.988145, 0.0742672, 0.134367, 0.0888349, 0.43722, -0.894956, -0.125214, 0.896283, 0.425439, 4.88944e-09, -2.56114e-09, -0.343095 )
bones/19/enabled = true
bones/19/bound_children = [  ]
bones/20/name = "toes_R"
bones/20/parent = 19
bones/20/rest = Transform( 0.99971, -0.0224687, -0.00871678, 0.0168647, 0.910584, -0.412979, 0.0172165, 0.412712, 0.910699, 1.00845e-08, -6.0536e-09, -0.152057 )
bones/20/enabled = true
bones/20/bound_children = [  ]
bones/21/name = "thigh_twist_R"
bones/21/parent = 16
bones/21/rest = Transform( 1, 8.70787e-08, -3.49246e-08, -7.45058e-08, 1, -1.39698e-09, 3.95812e-08, 6.51926e-09, 1, -1.05938e-08, -7.45058e-09, -2.23052e-07 )
bones/21/enabled = true
bones/21/bound_children = [  ]
bones/22/name = "spine01"
bones/22/parent = 9
bones/22/rest = Transform( 1, -2.14467e-07, 4.49055e-09, 2.14201e-07, 0.997196, -0.0748313, 1.15708e-08, 0.0748313, 0.997196, 0, 2.60902e-15, -0.147349 )
bones/22/enabled = true
bones/22/bound_children = [  ]
bones/23/name = "spine02"
bones/23/parent = 22
bones/23/rest = Transform( 1, 1.68804e-07, 3.02152e-08, -1.71453e-07, 0.98068, 0.195621, 3.39005e-09, -0.195621, 0.98068, -2.22045e-15, 3.72529e-09, -0.12792 )
bones/23/enabled = true
bones/23/bound_children = [  ]
bones/24/name = "spine03"
bones/24/parent = 23
bones/24/rest = Transform( 1, -1.98055e-08, -8.76416e-10, 1.98243e-08, 0.998688, 0.0512099, -1.3897e-10, -0.0512099, 0.998688, -1.9984e-15, 3.72529e-09, -0.128085 )
bones/24/enabled = true
bones/24/bound_children = [ NodePath("Chest") ]
bones/25/name = "clavicle_L"
bones/25/parent = 24
bones/25/rest = Transform( -0.232694, -0.102994, -0.967081, 0.0325646, 0.992994, -0.113589, 0.972005, -0.0579241, -0.22771, 0.0343198, 0.0264674, -0.180416 )
bones/25/enabled = true
bones/25/bound_children = [  ]
bones/26/name = "upperarm_L"
bones/26/parent = 25
bones/26/rest = Transform( 0.952889, 0.174157, -0.248338, -0.0995203, 0.952924, 0.286411, 0.286527, -0.248203, 0.925363, 1.22469e-07, 1.08965e-07, -0.111399 )
bones/26/enabled = true
bones/26/bound_children = [  ]
bones/27/name = "lowerarm_L"
bones/27/parent = 26
bones/27/rest = Transform( 0.997678, 0.0671683, 0.0113153, -0.0630901, 0.973862, -0.218204, -0.0256759, 0.216983, 0.975838, -4.81668e-08, -4.65661e-08, -0.26746 )
bones/27/enabled = true
bones/27/bound_children = [  ]
bones/28/name = "lowerarm_twist_L"
bones/28/parent = 27
bones/28/rest = Transform( 1, 6.35628e-07, 3.42377e-07, -6.40284e-07, 1, -2.98023e-08, -4.0984e-07, 5.21541e-08, 1, -3.82593e-08, 5.82077e-09, 3.09374e-08 )
bones/28/enabled = true
bones/28/bound_children = [  ]
bones/29/name = "hand_L"
bones/29/parent = 27
bones/29/rest = Transform( 0.0411212, 0.993777, -0.103525, -0.995006, 0.0501616, 0.0862939, 0.0909498, 0.0994594, 0.990876, -1.37952e-08, 1.86265e-09, -0.230882 )
bones/29/enabled = true
bones/29/bound_children = [ NodePath("Left Hand") ]
bones/30/name = "thumb01_L"
bones/30/parent = 29
bones/30/rest = Transform( 0.0934337, -0.779093, 0.619907, 0.802584, -0.309514, -0.509961, 0.589176, 0.545175, 0.596368, -0.0165675, 0.00336277, -0.0134238 )
bones/30/enabled = true
bones/30/bound_children = [  ]
bones/31/name = "thumb02_L"
bones/31/parent = 30
bones/31/rest = Transform( 0.961801, -0.0521958, 0.268726, 0.114547, 0.968319, -0.221896, -0.24863, 0.244201, 0.937309, 2.32831e-09, 5.96046e-08, -0.038801 )
bones/31/enabled = true
bones/31/bound_children = [  ]
bones/32/name = "thumb03_L"
bones/32/parent = 31
bones/32/rest = Transform( 0.994654, 0.0637835, -0.081206, -0.0301012, 0.931363, 0.362847, 0.0987758, -0.358463, 0.928304, -5.7742e-08, 6.70552e-08, -0.0320962 )
bones/32/enabled = true
bones/32/bound_children = [  ]
bones/33/name = "index00_L"
bones/33/parent = 29
bones/33/rest = Transform( -0.984465, -0.164687, 0.0608788, 0.170904, -0.978287, 0.117249, 0.0402475, 0.125832, 0.991235, -0.018043, 0.000740393, -0.0209437 )
bones/33/enabled = true
bones/33/bound_children = [  ]
bones/34/name = "index01_L"
bones/34/parent = 33
bones/34/rest = Transform( 0.975012, -0.203001, 0.0902334, 0.177608, 0.956297, 0.232275, -0.133442, -0.210445, 0.968456, 1.49012e-08, 6.00703e-08, -0.0540995 )
bones/34/enabled = true
bones/34/bound_children = [  ]
bones/35/name = "index02_L"
bones/35/parent = 34
bones/35/rest = Transform( 0.997685, 0.025947, 0.0628616, -0.024597, 0.999452, -0.022155, -0.063402, 0.0205575, 0.997776, -5.58794e-09, -2.28174e-08, -0.0336731 )
bones/35/enabled = true
bones/35/bound_children = [  ]
bones/36/name = "index03_L"
bones/36/parent = 35
bones/36/rest = Transform( 0.999803, -0.0125018, 0.0154096, 0.0086324, 0.973265, 0.229525, -0.0178671, -0.229347, 0.973181, -1.86265e-09, -1.19791e-07, -0.0225542 )
bones/36/enabled = true
bones/36/bound_children = [  ]
bones/37/name = "middle00_L"
bones/37/parent = 29
bones/37/rest = Transform( -0.991322, -0.131409, 0.00350008, 0.128731, -0.965042, 0.228303, -0.0266233, 0.226773, 0.973584, -0.00453791, 0.00203764, -0.0213971 )
bones/37/enabled = true
bones/37/bound_children = [  ]
bones/38/name = "middle01_L"
bones/38/parent = 37
bones/38/rest = Transform( 0.982553, -0.182218, 0.0372338, 0.152019, 0.902196, 0.40365, -0.107144, -0.390947, 0.914156, 3.72529e-09, 1.99769e-07, -0.0525611 )
bones/38/enabled = true
bones/38/bound_children = [  ]
bones/39/name = "middle02_L"
bones/39/parent = 38
bones/39/rest = Transform( 0.998605, 0.0528037, -0.00085889, -0.052736, 0.996195, -0.0693836, -0.00280808, 0.069332, 0.99759, -1.49012e-08, -4.86616e-08, -0.0400185 )
bones/39/enabled = true
bones/39/bound_children = [  ]
bones/40/name = "middle03_L"
bones/40/parent = 39
bones/40/rest = Transform( 0.999941, 0.00551358, -0.00938969, -0.00361293, 0.981474, 0.191563, 0.0102719, -0.191518, 0.981435, -4.65661e-10, 6.08852e-08, -0.0248948 )
bones/40/enabled = true
bones/40/bound_children = [  ]
bones/41/name = "ring00_L"
bones/41/parent = 29
bones/41/rest = Transform( -0.990043, -0.0750489, -0.119089, 0.0480594, -0.975398, 0.215147, -0.132306, 0.207282, 0.969293, 0.00519281, 0.000772958, -0.0208713 )
bones/41/enabled = true
bones/41/bound_children = [  ]
bones/42/name = "ring01_L"
bones/42/parent = 41
bones/42/rest = Transform( 0.998403, -0.0265316, -0.0498826, 0.0437345, 0.92187, 0.385023, 0.03577, -0.38659, 0.921558, 2.44472e-09, 4.90109e-08, -0.048314 )
bones/42/enabled = true
bones/42/bound_children = [  ]
bones/43/name = "ring02_L"
bones/43/parent = 42
bones/43/rest = Transform( 0.999715, -0.0231475, 0.00577949, 0.0235674, 0.995821, -0.0882351, -0.00371291, 0.0883461, 0.996083, -5.12227e-09, 1.32888e-07, -0.0398775 )
bones/43/enabled = true
bones/43/bound_children = [  ]
bones/44/name = "ring03_L"
bones/44/parent = 43
bones/44/rest = Transform( 0.998697, -0.00977095, -0.0500809, 0.0158936, 0.992235, 0.123356, 0.0484867, -0.123991, 0.991098, 2.32831e-09, 1.16415e-07, -0.0225751 )
bones/44/enabled = true
bones/44/bound_children = [  ]
bones/45/name = "pinky00_L"
bones/45/parent = 29
bones/45/rest = Transform( -0.991966, -0.0626027, -0.109928, 0.0399507, -0.979524, 0.197321, -0.12003, 0.191344, 0.974156, 0.0219207, 0.00470682, -0.0188812 )
bones/45/enabled = true
bones/45/bound_children = [  ]
bones/46/name = "pinky01_L"
bones/46/parent = 45
bones/46/rest = Transform( 0.998294, -0.0230757, -0.0536422, 0.0384662, 0.951009, 0.306762, 0.0439355, -0.308302, 0.950274, 1.86265e-09, -4.55475e-09, -0.0445775 )
bones/46/enabled = true
bones/46/bound_children = [  ]
bones/47/name = "pinky02_L"
bones/47/parent = 46
bones/47/rest = Transform( 0.998182, -0.00384896, -0.0601409, 0.00259667, 0.999778, -0.0208869, 0.060208, 0.0206927, 0.997971, -1.86265e-09, 3.65253e-08, -0.0325063 )
bones/47/enabled = true
bones/47/bound_children = [  ]
bones/48/name = "pinky03_L"
bones/48/parent = 47
bones/48/rest = Transform( 0.999796, -0.0185972, -0.00791589, 0.0197431, 0.98245, 0.185479, 0.00432756, -0.185598, 0.982616, 9.31323e-10, 7.57282e-08, -0.0166651 )
bones/48/enabled = true
bones/48/bound_children = [  ]
bones/49/name = "upperarm_twist_L"
bones/49/parent = 26
bones/49/rest = Transform( 1, 5.4948e-07, -3.20841e-07, -5.44824e-07, 1, 1.30385e-08, 3.57628e-07, -1.76951e-08, 1, 8.49832e-09, -5.58794e-09, -3.49246e-10 )
bones/49/enabled = true
bones/49/bound_children = [  ]
bones/50/name = "clavicle_R"
bones/50/parent = 24
bones/50/rest = Transform( -0.232693, 0.102997, 0.967081, -0.0325548, 0.992994, -0.11359, -0.972005, -0.0579147, -0.22771, -0.0343198, 0.0264674, -0.180416 )
bones/50/enabled = true
bones/50/bound_children = [  ]
bones/51/name = "upperarm_R"
bones/51/parent = 50
bones/51/rest = Transform( 0.951184, -0.183339, 0.248265, 0.108723, 0.951916, 0.286419, -0.288839, -0.245445, 0.92538, 2.17929e-07, -1.49012e-08, -0.111399 )
bones/51/enabled = true
bones/51/bound_children = [  ]
bones/52/name = "lowerarm_R"
bones/52/parent = 51
bones/52/rest = Transform( 0.997848, -0.0642162, -0.0132591, 0.0597887, 0.974088, -0.218125, 0.0269226, 0.216863, 0.975831, 5.03314e-08, 1.24564e-08, -0.26746 )
bones/52/enabled = true
bones/52/bound_children = [  ]
bones/53/name = "lowerarm_twist_R"
bones/53/parent = 52
bones/53/rest = Transform( 1, -7.59959e-07, -2.07452e-07, 7.58097e-07, 1, -9.31323e-09, 2.19909e-07, 1.30385e-08, 1, 6.77246e-08, -5.3551e-09, 4.22879e-08 )
bones/53/enabled = true
bones/53/bound_children = [  ]
bones/54/name = "hand_R"
bones/54/parent = 52
bones/54/rest = Transform( 0.0469163, -0.993467, 0.104027, 0.99475, 0.0559495, 0.0856891, -0.0909496, 0.0994604, 0.990876, 9.28994e-08, 0, -0.230882 )
bones/54/enabled = true
bones/54/bound_children = [ NodePath("Right Hand") ]
bones/55/name = "pinky00_R"
bones/55/parent = 54
bones/55/rest = Transform( -0.991966, 0.0626031, 0.109928, -0.0399508, -0.979524, 0.197323, 0.12003, 0.191346, 0.974156, -0.0219207, 0.0047069, -0.0188811 )
bones/55/enabled = true
bones/55/bound_children = [  ]
bones/56/name = "pinky01_R"
bones/56/parent = 55
bones/56/rest = Transform( 0.992483, 0.109998, 0.0536422, -0.121209, 0.944036, 0.306763, -0.0168968, -0.310959, 0.950273, -1.86265e-09, -1.25685e-07, -0.0445775 )
bones/56/enabled = true
bones/56/bound_children = [  ]
bones/57/name = "pinky02_R"
bones/57/parent = 56
bones/57/rest = Transform( 0.996736, -0.052021, 0.0617325, 0.0530756, 0.998469, -0.0155665, -0.0608282, 0.0187922, 0.997971, 9.31323e-10, 9.97097e-08, -0.0325062 )
bones/57/enabled = true
bones/57/bound_children = [  ]
bones/58/name = "pinky03_R"
bones/58/parent = 57
bones/58/rest = Transform( 0.997793, 0.0663763, 0.00208582, -0.065609, 0.980426, 0.185636, 0.0102769, -0.185363, 0.982616, 2.56114e-09, 1.20664e-07, -0.0166651 )
bones/58/enabled = true
bones/58/bound_children = [  ]
bones/59/name = "index00_R"
bones/59/parent = 54
bones/59/rest = Transform( -0.984465, 0.164687, -0.060879, -0.170905, -0.978286, 0.117251, -0.0402472, 0.125834, 0.991235, 0.018043, 0.000740467, -0.0209438 )
bones/59/enabled = true
bones/59/bound_children = [  ]
bones/60/name = "middle00_R"
bones/60/parent = 54
bones/60/rest = Transform( -0.991322, 0.131409, -0.00350016, -0.128731, -0.965041, 0.228306, 0.0266236, 0.226775, 0.973583, 0.0045379, 0.00203773, -0.0213971 )
bones/60/enabled = true
bones/60/bound_children = [  ]
bones/61/name = "ring00_R"
bones/61/parent = 54
bones/61/rest = Transform( -0.990043, 0.0750492, 0.119089, -0.0480596, -0.975398, 0.215148, 0.132306, 0.207283, 0.969293, -0.0051928, 0.000773023, -0.0208712 )
bones/61/enabled = true
bones/61/bound_children = [  ]
bones/62/name = "index01_R"
bones/62/parent = 59
bones/62/rest = Transform( 0.975365, 0.201299, -0.0902333, -0.175939, 0.956605, 0.232276, 0.133075, -0.210679, 0.968455, 7.45058e-09, -1.2666e-07, -0.0540994 )
bones/62/enabled = true
bones/62/bound_children = [  ]
bones/63/name = "index02_R"
bones/63/parent = 62
bones/63/rest = Transform( 0.992446, -0.105332, -0.0629, 0.104134, 0.994319, -0.0220468, 0.0648649, 0.0153303, 0.997776, -1.86265e-09, -1.01281e-07, -0.0336731 )
bones/63/enabled = true
bones/63/bound_children = [  ]
bones/64/name = "index03_R"
bones/64/parent = 63
bones/64/rest = Transform( 0.995783, 0.0916796, 0.00332376, -0.0899831, 0.969017, 0.230019, 0.0178673, -0.229348, 0.97318, -5.58794e-09, 7.45058e-08, -0.0225543 )
bones/64/enabled = true
bones/64/bound_children = [  ]
bones/65/name = "middle01_R"
bones/65/parent = 60
bones/65/rest = Transform( 0.982553, 0.182218, -0.0372336, -0.152019, 0.902195, 0.403651, 0.107144, -0.390948, 0.914155, -3.72529e-09, 2.30502e-08, -0.052561 )
bones/65/enabled = true
bones/65/bound_children = [  ]
bones/66/name = "middle02_R"
bones/66/parent = 65
bones/66/rest = Transform( 0.997597, 0.0692761, 0.000858581, -0.0690498, 0.995198, -0.0693833, -0.00566106, 0.0691573, 0.99759, 1.11759e-08, -3.21306e-08, -0.0400184 )
bones/66/enabled = true
bones/66/bound_children = [  ]
bones/67/name = "middle03_R"
bones/67/parent = 66
bones/67/rest = Transform( 0.987089, -0.159555, -0.0140234, 0.159272, 0.968527, 0.19128, -0.0169378, -0.191044, 0.981435, -2.23517e-08, 4.70318e-08, -0.0248947 )
bones/67/enabled = true
bones/67/bound_children = [  ]
bones/68/name = "ring01_R"
bones/68/parent = 61
bones/68/rest = Transform( 0.995214, 0.0840276, 0.0498827, -0.0967912, 0.917818, 0.385023, -0.0134307, -0.388008, 0.921558, 3.84171e-09, -2.20374e-07, -0.048314 )
bones/68/enabled = true
bones/68/bound_children = [  ]
bones/69/name = "ring02_R"
bones/69/parent = 68
bones/69/rest = Transform( 0.999951, -0.00985867, -0.000684593, 0.00975952, 0.996035, -0.0884218, 0.0015536, 0.0884108, 0.996083, -3.72529e-09, -7.64849e-08, -0.0398775 )
bones/69/enabled = true
bones/69/bound_children = [  ]
bones/70/name = "ring03_R"
bones/70/parent = 69
bones/70/rest = Transform( 0.998892, 0.00127715, 0.0470525, -0.00713522, 0.992188, 0.124544, -0.0465259, -0.124742, 0.991098, 7.45058e-09, -1.24797e-07, -0.0225752 )
bones/70/enabled = true
bones/70/bound_children = [  ]
bones/71/name = "thumb01_R"
bones/71/parent = 54
bones/71/rest = Transform( 0.0804234, 0.777916, -0.6232, -0.813095, -0.310444, -0.492444, -0.576549, 0.546325, 0.607553, 0.0165677, 0.00336283, -0.0134237 )
bones/71/enabled = true
bones/71/bound_children = [  ]
bones/72/name = "thumb02_R"
bones/72/parent = 71
bones/72/rest = Transform( 0.9618, 0.0496433, -0.269214, -0.114543, 0.966175, -0.231053, 0.248638, 0.253064, 0.934954, -7.91624e-09, 2.23517e-08, -0.038801 )
bones/72/enabled = true
bones/72/bound_children = [  ]
bones/73/name = "thumb03_R"
bones/73/parent = 72
bones/73/rest = Transform( 0.994655, -0.0622316, 0.0823974, 0.0301006, 0.938071, 0.345133, -0.0987728, -0.340808, 0.93493, 6.51926e-08, 1.63913e-07, -0.0320948 )
bones/73/enabled = true
bones/73/bound_children = [  ]
bones/74/name = "upperarm_twist_R"
bones/74/parent = 51
bones/74/rest = Transform( 1, -7.98609e-07, -1.11293e-07, 7.96746e-07, 1, -5.3551e-08, 8.3819e-08, 5.59958e-08, 1, -1.16182e-07, -7.68341e-09, -7.9046e-08 )
bones/74/enabled = true
bones/74/bound_children = [  ]
bones/75/name = "breast_L"
bones/75/parent = 24
bones/75/rest = Transform( -0.995169, 0.0644235, -0.0740802, 0.0904296, 0.307765, -0.947155, -0.0382198, -0.949279, -0.312104, 0.0867773, 0.0418115, -0.0522455 )
bones/75/enabled = true
bones/75/bound_children = [  ]
bones/76/name = "breast_R"
bones/76/parent = 24
bones/76/rest = Transform( -0.995169, -0.0644262, 0.0740798, -0.09043, 0.307764, -0.947155, 0.0382225, -0.949279, -0.312104, -0.0867773, 0.0418115, -0.0522455 )
bones/76/enabled = true
bones/76/bound_children = [  ]
bones/77/name = "struct_nk"
bones/77/parent = 24
bones/77/rest = Transform( 1, 1.46895e-05, -6.36476e-08, 2.10495e-06, -0.147582, -0.98905, -1.4538e-05, 0.98905, -0.147582, 1.01135e-08, 0.0324035, -0.214211 )
bones/77/enabled = true
bones/77/bound_children = [  ]
bones/78/name = "neck"
bones/78/parent = 77
bones/78/rest = Transform( 1, -5.6508e-06, -1.35173e-05, 1.46503e-05, 0.394026, 0.919099, 1.32538e-07, -0.919099, 0.394026, 1.8181e-12, -4.03232e-08, -9.77889e-09 )
bones/78/enabled = true
bones/78/bound_children = [  ]
bones/79/name = "struct_hd"
bones/79/parent = 78
bones/79/rest = Transform( -1, 2.37173e-07, 2.05682e-07, -2.65991e-07, -0.292105, -0.956386, -1.66748e-07, -0.956386, 0.292105, 3.19744e-14, 7.45059e-09, -0.101977 )
bones/79/enabled = true
bones/79/bound_children = [  ]
bones/80/name = "head"
bones/80/parent = 79
bones/80/rest = Transform( -1, 9.08202e-09, -1.62707e-07, 1.62538e-07, -0.0162899, -0.999867, -1.17312e-08, -0.999867, 0.01629, -3.19744e-14, -5.40167e-08, -3.7253e-09 )
bones/80/enabled = true
bones/80/bound_children = [ NodePath("Face") ]
bones/81/name = "skirt_front"
bones/81/parent = 9
bones/81/rest = Transform( -1, -5.38708e-07, 3.34731e-08, -5.39715e-07, 0.99739, -0.0720369, 5.42002e-09, -0.0720351, -0.997402, -4.43268e-09, 0.0847198, -0.0418329 )
bones/81/enabled = true
bones/81/bound_children = [  ]
bones/82/name = "skirt_back"
bones/82/parent = 9
bones/82/rest = Transform( -1, -3.78451e-07, -1.89797e-08, -3.78843e-07, 0.997462, 0.0716047, -8.1688e-09, 0.0716089, -0.997433, 4.24586e-08, -0.090325, -0.0329399 )
bones/82/enabled = true
bones/82/bound_children = [  ]

[node name="Body" type="MeshInstance" parent="Rig"]
mesh = ExtResource( 32 )
blend_shapes/Expressions_abdomExpansion_max = 0.0
blend_shapes/Expressions_abdomExpansion_min = 0.0
blend_shapes/Expressions_chestExpansion_max = 0.0
blend_shapes/Expressions_chestExpansion_min = 0.0
material/0 = null
material/1 = null

[node name="Head" type="MeshInstance" parent="Rig"]
mesh = ExtResource( 1 )
blend_shapes/Expressions_browOutVertL_max = 0.0
blend_shapes/Expressions_browOutVertL_min = 0.0
blend_shapes/Expressions_browOutVertR_max = 0.0
blend_shapes/Expressions_browOutVertR_min = 0.0
blend_shapes/Expressions_browSqueezeL_max = 0.0
blend_shapes/Expressions_browSqueezeL_min = 0.0
blend_shapes/Expressions_browSqueezeR_max = 0.0
blend_shapes/Expressions_browSqueezeR_min = 0.0
blend_shapes/Expressions_browsMidVert_max = 0.0
blend_shapes/Expressions_browsMidVert_min = 0.0
blend_shapes/Expressions_cheekSneerL_max = 0.0
blend_shapes/Expressions_cheekSneerR_max = 0.0
blend_shapes/Expressions_deglutition_max = 0.0
blend_shapes/Expressions_deglutition_min = 0.0
blend_shapes/Expressions_eyeClosedL_max = 0.0
blend_shapes/Expressions_eyeClosedL_min = 0.0
blend_shapes/Expressions_eyeClosedPressureL_max = 0.0
blend_shapes/Expressions_eyeClosedPressureL_min = 0.0
blend_shapes/Expressions_eyeClosedPressureR_max = 0.0
blend_shapes/Expressions_eyeClosedPressureR_min = 0.0
blend_shapes/Expressions_eyeClosedR_max = 0.0
blend_shapes/Expressions_eyeClosedR_min = 0.0
blend_shapes/Expressions_eyeSquintL_max = 0.0
blend_shapes/Expressions_eyeSquintL_min = 0.0
blend_shapes/Expressions_eyeSquintR_max = 0.0
blend_shapes/Expressions_eyeSquintR_min = 0.0
blend_shapes/Expressions_eyesHoriz_max = 0.0
blend_shapes/Expressions_eyesHoriz_min = 0.0
blend_shapes/Expressions_eyesVert_max = 0.0
blend_shapes/Expressions_eyesVert_min = 0.0
blend_shapes/Expressions_jawHoriz_max = 0.0
blend_shapes/Expressions_jawHoriz_min = 0.0
blend_shapes/Expressions_jawOut_max = 0.0
blend_shapes/Expressions_jawOut_min = 0.0
blend_shapes/Expressions_mouthBite_max = 0.0
blend_shapes/Expressions_mouthBite_min = 0.0
blend_shapes/Expressions_mouthChew_max = 0.0
blend_shapes/Expressions_mouthChew_min = 0.0
blend_shapes/Expressions_mouthClosed_max = 0.0
blend_shapes/Expressions_mouthClosed_min = 0.0
blend_shapes/Expressions_mouthHoriz_max = 0.0
blend_shapes/Expressions_mouthHoriz_min = 0.0
blend_shapes/Expressions_mouthInflated_max = 0.0
blend_shapes/Expressions_mouthInflated_min = 0.0
blend_shapes/Expressions_mouthLowerOut_max = 0.0
blend_shapes/Expressions_mouthLowerOut_min = 0.0
